2.000000e+00 1.225291e+02 1.159000e+01 5.224800e+00
2.000000e+00 1.214440e+02 1.159000e+01 5.349202e+00
1.000000e+00 1.217863e+02 1.159000e+01 5.473596e+00
1.000000e+00 1.198329e+02 1.159000e+01 5.597999e+00
1.000000e+00 1.191574e+02 1.159000e+01 5.722401e+00
3.000000e+00 1.193113e+02 1.159000e+01 5.846804e+00
1.000000e+00 1.197259e+02 1.159000e+01 5.971198e+00
1.000000e+00 1.190047e+02 1.159000e+01 6.095600e+00
3.000000e+00 1.192261e+02 1.159000e+01 6.220002e+00
2.000000e+00 1.187792e+02 1.159000e+01 6.344396e+00
1.000000e+00 1.187402e+02 1.159000e+01 6.468799e+00
3.000000e+00 1.183492e+02 1.159000e+01 6.593201e+00
2.000000e+00 1.182557e+02 1.159000e+01 6.717604e+00
1.000000e+00 1.179343e+02 1.159000e+01 6.841998e+00
1.000000e+00 1.175121e+02 1.159000e+01 6.966400e+00
1.000000e+00 1.131071e+02 1.159000e+01 7.090802e+00
1.000000e+00 1.131978e+02 1.159000e+01 7.215196e+00
1.000000e+00 1.125434e+02 1.159000e+01 7.339599e+00
1.000000e+00 1.130180e+02 1.159000e+01 7.464001e+00
1.000000e+00 1.143287e+02 1.159000e+01 7.588404e+00
1.000000e+00 1.136070e+02 1.159000e+01 7.712798e+00
5.000000e+00 1.132109e+02 1.159000e+01 7.837200e+00
1.000000e+00 1.139155e+02 1.159000e+01 7.961602e+00
2.000000e+00 1.142584e+02 1.159000e+01 8.085996e+00
1.000000e+00 1.151993e+02 1.159000e+01 8.210399e+00
1.000000e+00 1.139662e+02 1.159000e+01 8.334801e+00
1.000000e+00 1.128591e+02 1.159000e+01 8.459204e+00
1.000000e+00 1.135306e+02 1.159000e+01 8.583598e+00
1.000000e+00 1.139075e+02 1.159000e+01 8.708000e+00
1.000000e+00 1.120361e+02 1.159000e+01 8.832437e+00
1.000000e+00 1.120377e+02 1.159000e+01 8.956788e+00
1.000000e+00 1.135357e+02 1.159000e+01 9.081225e+00
2.000000e+00 1.122590e+02 1.159000e+01 9.205575e+00
1.000000e+00 1.111619e+02 1.159000e+01 9.330012e+00
1.000000e+00 1.108069e+02 1.159000e+01 9.454363e+00
3.000000e+00 1.091274e+02 1.159000e+01 9.578800e+00
1.000000e+00 1.111222e+02 1.159000e+01 9.703237e+00
2.000000e+00 1.115026e+02 1.159000e+01 9.827588e+00
1.000000e+00 1.107074e+02 1.159000e+01 9.952025e+00
1.000000e+00 1.093833e+02 1.159000e+01 1.007638e+01
1.000000e+00 1.088618e+02 1.159000e+01 1.020081e+01
2.000000e+00 1.094765e+02 1.159000e+01 1.032516e+01
2.000000e+00 1.094047e+02 1.159000e+01 1.044960e+01
1.000000e+00 1.087506e+02 1.159000e+01 1.057404e+01
2.000000e+00 1.088996e+02 1.159000e+01 1.069839e+01
2.000000e+00 1.090677e+02 1.159000e+01 1.082282e+01
1.000000e+00 1.082261e+02 1.159000e+01 1.094718e+01
1.000000e+00 1.064306e+02 1.159000e+01 1.107161e+01
1.000000e+00 1.061118e+02 1.159000e+01 1.119596e+01
1.000000e+00 1.061031e+02 1.159000e+01 1.132040e+01
1.000000e+00 1.056470e+02 1.159000e+01 5.224800e+00
1.000000e+00 1.042025e+02 1.159000e+01 5.349202e+00
1.000000e+00 1.043886e+02 1.159000e+01 5.473596e+00
1.000000e+00 1.052738e+02 1.159000e+01 5.597999e+00
1.000000e+00 1.057410e+02 1.159000e+01 5.722401e+00
1.000000e+00 1.056603e+02 1.159000e+01 5.846804e+00
1.000000e+00 1.017818e+02 1.159000e+01 5.971198e+00
1.000000e+00 1.003825e+02 1.159000e+01 6.095600e+00
1.000000e+00 1.003169e+02 1.159000e+01 6.220002e+00
1.000000e+00 1.012397e+02 1.159000e+01 6.344396e+00
1.000000e+00 1.011317e+02 1.159000e+01 6.468799e+00
2.000000e+00 9.914290e+01 1.159000e+01 6.593201e+00
2.000000e+00 9.948384e+01 1.159000e+01 6.717604e+00
1.000000e+00 9.733909e+01 1.159000e+01 6.841998e+00
2.000000e+00 9.711845e+01 1.159000e+01 6.966400e+00
1.000000e+00 9.657152e+01 1.159000e+01 7.090802e+00
1.000000e+00 9.700440e+01 1.159000e+01 7.215196e+00
1.000000e+00 9.426369e+01 1.159000e+01 7.339599e+00
1.000000e+00 9.193042e+01 1.159000e+01 7.464001e+00
1.000000e+00 9.193584e+01 1.159000e+01 7.588404e+00
1.000000e+00 9.147765e+01 1.159000e+01 7.712798e+00
1.000000e+00 9.136628e+01 1.159000e+01 7.837200e+00
1.000000e+00 9.185996e+01 1.159000e+01 7.961602e+00
3.000000e+00 9.156098e+01 1.159000e+01 8.085996e+00
2.000000e+00 9.064325e+01 1.159000e+01 8.210399e+00
1.000000e+00 8.914279e+01 1.159000e+01 8.334801e+00
1.000000e+00 8.845162e+01 1.159000e+01 8.459204e+00
1.000000e+00 8.840938e+01 1.159000e+01 8.583598e+00
1.000000e+00 8.621739e+01 1.159000e+01 8.708000e+00
1.000000e+00 8.645716e+01 1.159000e+01 8.832437e+00
1.000000e+00 8.502031e+01 1.159000e+01 8.956788e+00
1.000000e+00 8.497029e+01 1.159000e+01 9.081225e+00
1.000000e+00 8.488574e+01 1.159000e+01 9.205575e+00
1.000000e+00 8.650289e+01 1.159000e+01 9.330012e+00
1.000000e+00 8.610670e+01 1.159000e+01 9.454363e+00
3.000000e+00 8.539197e+01 1.159000e+01 9.578800e+00
1.000000e+00 8.493105e+01 1.159000e+01 9.703237e+00
1.000000e+00 8.507334e+01 1.159000e+01 9.827588e+00
2.000000e+00 8.428032e+01 1.159000e+01 9.952025e+00
1.000000e+00 8.481914e+01 1.159000e+01 1.007638e+01
1.000000e+00 8.457072e+01 1.159000e+01 1.020081e+01
1.000000e+00 8.269655e+01 1.159000e+01 1.032516e+01
1.000000e+00 8.194356e+01 1.159000e+01 1.044960e+01
2.000000e+00 8.198298e+01 1.159000e+01 1.057404e+01
2.000000e+00 7.981886e+01 1.159000e+01 1.069839e+01
4.000000e+00 8.009342e+01 1.159000e+01 1.082282e+01
2.000000e+00 8.131959e+01 1.159000e+01 1.094718e+01
1.000000e+00 8.047091e+01 1.159000e+01 1.107161e+01
1.000000e+00 8.029496e+01 1.159000e+01 1.119596e+01
1.000000e+00 7.948648e+01 1.159000e+01 1.132040e+01
1.000000e+00 7.889686e+01 1.159000e+01 5.224800e+00
1.000000e+00 7.807398e+01 1.159000e+01 5.349202e+00
2.000000e+00 7.962766e+01 1.159000e+01 5.473596e+00
1.000000e+00 7.917919e+01 1.159000e+01 5.597999e+00
1.000000e+00 7.906049e+01 1.159000e+01 5.722401e+00
1.000000e+00 7.933727e+01 1.159000e+01 5.846804e+00
1.000000e+00 7.869175e+01 1.159000e+01 5.971198e+00
1.000000e+00 7.830100e+01 1.159000e+01 6.095600e+00
3.000000e+00 7.759418e+01 1.159000e+01 6.220002e+00
1.000000e+00 7.704112e+01 1.159000e+01 6.344396e+00
1.000000e+00 7.754914e+01 1.159000e+01 6.468799e+00
1.000000e+00 7.731835e+01 1.159000e+01 6.593201e+00
1.000000e+00 7.653721e+01 1.159000e+01 6.717604e+00
2.000000e+00 7.613779e+01 1.159000e+01 6.841998e+00
1.000000e+00 7.561385e+01 1.159000e+01 6.966400e+00
1.000000e+00 7.506660e+01 1.159000e+01 7.090802e+00
1.000000e+00 7.365316e+01 1.159000e+01 7.215196e+00
1.000000e+00 7.348446e+01 1.159000e+01 7.339599e+00
3.000000e+00 7.209081e+01 1.159000e+01 7.464001e+00
1.000000e+00 7.209615e+01 1.159000e+01 7.588404e+00
2.000000e+00 7.252784e+01 1.159000e+01 7.712798e+00
1.000000e+00 7.194041e+01 1.159000e+01 7.837200e+00
1.000000e+00 7.063691e+01 1.159000e+01 7.961602e+00
1.000000e+00 7.052571e+01 1.159000e+01 8.085996e+00
1.000000e+00 6.928783e+01 1.159000e+01 8.210399e+00
1.000000e+00 6.857930e+01 1.159000e+01 8.334801e+00
1.000000e+00 7.008600e+01 1.159000e+01 8.459204e+00
1.000000e+00 7.123833e+01 1.159000e+01 8.583598e+00
2.000000e+00 7.176664e+01 1.159000e+01 8.708000e+00
1.000000e+00 7.196681e+01 1.159000e+01 8.832437e+00
2.000000e+00 7.089408e+01 1.159000e+01 8.956788e+00
2.000000e+00 7.131141e+01 1.159000e+01 9.081225e+00
1.000000e+00 7.100904e+01 1.159000e+01 9.205575e+00
1.000000e+00 7.072490e+01 1.159000e+01 9.330012e+00
1.000000e+00 7.109287e+01 1.159000e+01 9.454363e+00
3.000000e+00 7.028156e+01 1.159000e+01 9.578800e+00
1.000000e+00 6.897436e+01 1.159000e+01 9.703237e+00
2.000000e+00 6.894719e+01 1.159000e+01 9.827588e+00
2.000000e+00 6.940914e+01 1.159000e+01 9.952025e+00
1.000000e+00 6.915454e+01 1.159000e+01 1.007638e+01
1.000000e+00 6.818866e+01 1.159000e+01 1.020081e+01
1.000000e+00 6.680050e+01 1.159000e+01 1.032516e+01
1.000000e+00 6.833316e+01 1.159000e+01 1.044960e+01
1.000000e+00 6.839774e+01 1.159000e+01 1.057404e+01
1.000000e+00 6.709566e+01 1.159000e+01 1.069839e+01
2.000000e+00 6.598029e+01 1.159000e+01 1.082282e+01
1.000000e+00 6.607656e+01 1.159000e+01 1.094718e+01
1.000000e+00 6.597858e+01 1.159000e+01 1.107161e+01
2.000000e+00 6.338065e+01 1.159000e+01 1.119596e+01
1.000000e+00 6.375530e+01 1.159000e+01 1.132040e+01
2.000000e+00 6.473983e+01 1.159000e+01 5.224800e+00
1.000000e+00 6.489551e+01 1.159000e+01 5.349202e+00
1.000000e+00 6.445146e+01 1.159000e+01 5.473596e+00
1.000000e+00 5.909088e+01 1.159000e+01 5.597999e+00
1.000000e+00 5.927128e+01 1.159000e+01 5.722401e+00
1.000000e+00 5.680650e+01 1.159000e+01 5.846804e+00
1.000000e+00 5.626838e+01 1.159000e+01 5.971198e+00
1.000000e+00 5.630734e+01 1.159000e+01 6.095600e+00
1.000000e+00 5.621279e+01 1.159000e+01 6.220002e+00
1.000000e+00 5.606767e+01 1.159000e+01 6.344396e+00
1.000000e+00 5.502171e+01 1.159000e+01 6.468799e+00
2.000000e+00 5.488339e+01 1.159000e+01 6.593201e+00
1.000000e+00 5.484901e+01 1.159000e+01 6.717604e+00
2.000000e+00 5.331970e+01 1.159000e+01 6.841998e+00
1.000000e+00 5.343905e+01 1.159000e+01 6.966400e+00
1.000000e+00 5.424716e+01 1.159000e+01 7.090802e+00
4.000000e+00 5.474010e+01 1.159000e+01 7.215196e+00
1.000000e+00 5.446497e+01 1.159000e+01 7.339599e+00
1.000000e+00 5.508794e+01 1.159000e+01 7.464001e+00
2.000000e+00 5.563093e+01 1.159000e+01 7.588404e+00
2.000000e+00 5.596011e+01 1.159000e+01 7.712798e+00
3.000000e+00 5.573239e+01 1.159000e+01 7.837200e+00
1.000000e+00 5.449510e+01 1.159000e+01 7.961602e+00
2.000000e+00 5.474624e+01 1.159000e+01 8.085996e+00
1.000000e+00 5.686965e+01 1.159000e+01 8.210399e+00
2.000000e+00 5.694589e+01 1.159000e+01 8.334801e+00
1.000000e+00 5.676990e+01 1.159000e+01 8.459204e+00
1.000000e+00 5.624141e+01 1.159000e+01 8.583598e+00
1.000000e+00 5.407920e+01 1.159000e+01 8.708000e+00
1.000000e+00 5.409742e+01 1.159000e+01 8.832437e+00
1.000000e+00 5.364225e+01 1.159000e+01 8.956788e+00
1.000000e+00 5.297581e+01 1.159000e+01 9.081225e+00
1.000000e+00 5.064512e+01 1.159000e+01 9.205575e+00
1.000000e+00 5.086498e+01 1.159000e+01 9.330012e+00
1.000000e+00 5.065997e+01 1.159000e+01 9.454363e+00
1.000000e+00 4.852322e+01 1.159000e+01 9.578800e+00
1.000000e+00 4.969204e+01 1.159000e+01 9.703237e+00
1.000000e+00 4.977115e+01 1.159000e+01 9.827588e+00
1.000000e+00 4.834314e+01 1.159000e+01 9.952025e+00
1.000000e+00 4.893100e+01 1.159000e+01 1.007638e+01
1.000000e+00 5.005546e+01 1.159000e+01 1.020081e+01
1.000000e+00 4.870376e+01 1.159000e+01 1.032516e+01
1.000000e+00 4.864136e+01 1.159000e+01 1.044960e+01
1.000000e+00 4.738847e+01 1.159000e+01 1.057404e+01
2.000000e+00 4.667377e+01 1.159000e+01 1.069839e+01
1.000000e+00 4.534266e+01 1.159000e+01 1.082282e+01
1.000000e+00 4.447452e+01 1.159000e+01 1.094718e+01
1.000000e+00 4.544179e+01 1.159000e+01 1.107161e+01
2.000000e+00 4.487266e+01 1.159000e+01 1.119596e+01
1.000000e+00 4.458230e+01 1.159000e+01 1.132040e+01
1.000000e+00 4.314226e+01 1.159000e+01 5.224800e+00
1.000000e+00 4.360688e+01 1.159000e+01 5.349202e+00
1.000000e+00 4.369844e+01 1.159000e+01 5.473596e+00
1.000000e+00 4.224389e+01 1.159000e+01 5.597999e+00
2.000000e+00 4.249337e+01 1.159000e+01 5.722401e+00
2.000000e+00 4.110236e+01 1.159000e+01 5.846804e+00
1.000000e+00 4.119406e+01 1.159000e+01 5.971198e+00
2.000000e+00 4.245767e+01 1.159000e+01 6.095600e+00
1.000000e+00 4.278918e+01 1.159000e+01 6.220002e+00
1.000000e+00 4.298167e+01 1.159000e+01 6.344396e+00
1.000000e+00 4.327666e+01 1.159000e+01 6.468799e+00
3.000000e+00 4.325500e+01 1.159000e+01 6.593201e+00
1.000000e+00 4.281939e+01 1.159000e+01 6.717604e+00
1.000000e+00 4.118699e+01 1.159000e+01 6.841998e+00
3.000000e+00 4.223551e+01 1.159000e+01 6.966400e+00
1.000000e+00 4.231126e+01 1.159000e+01 7.090802e+00
3.000000e+00 4.322179e+01 1.159000e+01 7.215196e+00
2.000000e+00 4.323838e+01 1.159000e+01 7.339599e+00
1.000000e+00 4.206714e+01 1.159000e+01 7.464001e+00
1.000000e+00 4.190432e+01 1.159000e+01 7.588404e+00
4.000000e+00 4.147101e+01 1.159000e+01 7.712798e+00
3.000000e+00 4.087309e+01 1.159000e+01 7.837200e+00
4.000000e+00 4.068506e+01 1.159000e+01 7.961602e+00
1.000000e+00 4.083679e+01 1.159000e+01 8.085996e+00
1.000000e+00 4.070655e+01 1.159000e+01 8.210399e+00
2.000000e+00 4.099648e+01 1.159000e+01 8.334801e+00
1.000000e+00 4.073703e+01 1.159000e+01 8.459204e+00
2.000000e+00 3.917234e+01 1.159000e+01 8.583598e+00
1.000000e+00 3.877861e+01 1.159000e+01 8.708000e+00
1.000000e+00 3.723873e+01 1.159000e+01 8.832437e+00
3.000000e+00 3.779725e+01 1.159000e+01 8.956788e+00
1.000000e+00 3.606289e+01 1.159000e+01 9.081225e+00
1.000000e+00 3.527206e+01 1.159000e+01 9.205575e+00
2.000000e+00 3.595020e+01 1.159000e+01 9.330012e+00
1.000000e+00 3.783789e+01 1.159000e+01 9.454363e+00
1.000000e+00 3.878987e+01 1.159000e+01 9.578800e+00
1.000000e+00 3.895416e+01 1.159000e+01 9.703237e+00
1.000000e+00 4.162531e+01 1.159000e+01 9.827588e+00
1.000000e+00 4.147477e+01 1.159000e+01 9.952025e+00
2.000000e+00 4.092216e+01 1.159000e+01 1.007638e+01
2.000000e+00 4.071540e+01 1.159000e+01 1.020081e+01
1.000000e+00 4.088640e+01 1.159000e+01 1.032516e+01
1.000000e+00 3.910273e+01 1.159000e+01 1.044960e+01
1.000000e+00 3.846585e+01 1.159000e+01 1.057404e+01
1.000000e+00 3.767991e+01 1.159000e+01 1.069839e+01
1.000000e+00 3.818710e+01 1.159000e+01 1.082282e+01
3.000000e+00 3.785354e+01 1.159000e+01 1.094718e+01
1.000000e+00 3.610552e+01 1.159000e+01 1.107161e+01
3.000000e+00 3.557752e+01 1.159000e+01 1.119596e+01
1.000000e+00 3.569781e+01 1.159000e+01 1.132040e+01
1.000000e+00 3.519453e+01 1.159000e+01 5.224800e+00
2.000000e+00 3.517526e+01 1.159000e+01 5.349202e+00
2.000000e+00 3.308835e+01 1.159000e+01 5.473596e+00
1.000000e+00 3.279898e+01 1.159000e+01 5.597999e+00
1.000000e+00 3.370243e+01 1.159000e+01 5.722401e+00
1.000000e+00 3.335947e+01 1.159000e+01 5.846804e+00
1.000000e+00 3.195270e+01 1.159000e+01 5.971198e+00
4.000000e+00 3.235267e+01 1.159000e+01 6.095600e+00
1.000000e+00 3.094780e+01 1.159000e+01 6.220002e+00
3.000000e+00 3.393742e+01 1.159000e+01 6.344396e+00
1.000000e+00 3.362889e+01 1.159000e+01 6.468799e+00
1.000000e+00 3.234474e+01 1.159000e+01 6.593201e+00
2.000000e+00 3.171305e+01 1.159000e+01 6.717604e+00
1.000000e+00 3.194544e+01 1.159000e+01 6.841998e+00
1.000000e+00 3.076748e+01 1.159000e+01 6.966400e+00
1.000000e+00 3.046719e+01 1.159000e+01 7.090802e+00
2.000000e+00 3.002924e+01 1.159000e+01 7.215196e+00
1.000000e+00 2.981840e+01 1.159000e+01 7.339599e+00
1.000000e+00 2.785581e+01 1.159000e+01 7.464001e+00
2.000000e+00 2.743156e+01 1.159000e+01 7.588404e+00
1.000000e+00 2.768687e+01 1.159000e+01 7.712798e+00
1.000000e+00 2.522162e+01 1.159000e+01 7.837200e+00
1.000000e+00 2.508367e+01 1.159000e+01 7.961602e+00
3.000000e+00 2.457523e+01 1.159000e+01 8.085996e+00
1.000000e+00 2.318115e+01 1.159000e+01 8.210399e+00
2.000000e+00 2.320503e+01 1.159000e+01 8.334801e+00
1.000000e+00 2.048098e+01 1.159000e+01 8.459204e+00
1.000000e+00 1.990665e+01 1.159000e+01 8.583598e+00
1.000000e+00 1.865123e+01 1.159000e+01 8.708000e+00
3.000000e+00 1.877081e+01 1.159000e+01 8.832437e+00
1.000000e+00 1.751116e+01 1.159000e+01 8.956788e+00
1.000000e+00 1.703625e+01 1.159000e+01 9.081225e+00
2.000000e+00 1.715454e+01 1.159000e+01 9.205575e+00
1.000000e+00 1.719125e+01 1.159000e+01 9.330012e+00
1.000000e+00 1.736945e+01 1.159000e+01 9.454363e+00
2.000000e+00 1.774450e+01 1.159000e+01 9.578800e+00
2.000000e+00 1.762267e+01 1.159000e+01 9.703237e+00
1.000000e+00 1.802222e+01 1.159000e+01 9.827588e+00
1.000000e+00 1.842382e+01 1.159000e+01 9.952025e+00
1.000000e+00 1.707783e+01 1.159000e+01 1.007638e+01
3.000000e+00 1.476920e+01 1.159000e+01 1.020081e+01
2.000000e+00 1.437944e+01 1.159000e+01 1.032516e+01
1.000000e+00 1.370040e+01 1.159000e+01 1.044960e+01
2.000000e+00 1.287979e+01 1.159000e+01 1.057404e+01
1.000000e+00 1.302960e+01 1.159000e+01 1.069839e+01
2.000000e+00 1.202402e+01 1.159000e+01 1.082282e+01
1.000000e+00 1.057706e+01 1.159000e+01 1.094718e+01
1.000000e+00 9.975970e+00 1.159000e+01 1.107161e+01
1.000000e+00 8.845104e+00 1.159000e+01 1.119596e+01
3.000000e+00 8.830957e+00 1.159000e+01 1.132040e+01
1.000000e+00 8.199485e+00 1.159000e+01 5.224800e+00
1.000000e+00 7.406660e+00 1.159000e+01 5.349202e+00
1.000000e+00 8.388920e+00 1.159000e+01 5.473596e+00
1.000000e+00 7.558316e+00 1.159000e+01 5.597999e+00
1.000000e+00 7.046032e+00 1.159000e+01 5.722401e+00
1.000000e+00 7.186609e+00 1.159000e+01 5.846804e+00
2.000000e+00 6.403940e+00 1.159000e+01 5.971198e+00
1.000000e+00 5.598393e+00 1.159000e+01 6.095600e+00
1.000000e+00 5.329451e+00 1.159000e+01 6.220002e+00
1.000000e+00 5.312946e+00 1.159000e+01 6.344396e+00
1.000000e+00 6.653482e+00 1.159000e+01 6.468799e+00
1.000000e+00 6.540033e+00 1.159000e+01 6.593201e+00
1.000000e+00 5.154898e+00 1.159000e+01 6.717604e+00
1.000000e+00 4.453121e+00 1.159000e+01 6.841998e+00
1.000000e+00 3.696286e+00 1.159000e+01 6.966400e+00
1.000000e+00 4.338176e+00 1.159000e+01 7.090802e+00
1.000000e+00 3.428686e+00 1.159000e+01 7.215196e+00
1.000000e+00 2.893945e+00 1.159000e+01 7.339599e+00
1.000000e+00 2.539762e+00 1.159000e+01 7.464001e+00
1.000000e+00 3.444759e+00 1.159000e+01 7.588404e+00
1.000000e+00 3.329342e+00 1.159000e+01 7.712798e+00
2.000000e+00 3.448437e+00 1.159000e+01 7.837200e+00
1.000000e+00 3.660477e+00 1.159000e+01 7.961602e+00
1.000000e+00 3.654855e+00 1.159000e+01 8.085996e+00
1.000000e+00 3.145455e+00 1.159000e+01 8.210399e+00
1.000000e+00 2.063503e+00 1.159000e+01 8.334801e+00
3.000000e+00 2.270027e+00 1.159000e+01 8.459204e+00
1.000000e+00 2.291874e+00 1.159000e+01 8.583598e+00
1.000000e+00 3.635756e+00 1.159000e+01 8.708000e+00
1.000000e+00 3.894631e+00 1.159000e+01 8.832437e+00
1.000000e+00 2.938508e+00 1.159000e+01 8.956788e+00
1.000000e+00 3.002455e+00 1.159000e+01 9.081225e+00
1.000000e+00 3.607712e+00 1.159000e+01 9.205575e+00
2.000000e+00 3.689101e+00 1.159000e+01 9.330012e+00
1.000000e+00 2.579269e+00 1.159000e+01 9.454363e+00
1.000000e+00 2.870459e+00 1.159000e+01 9.578800e+00
2.000000e+00 3.313107e+00 1.159000e+01 9.703237e+00
1.000000e+00 3.325512e+00 1.159000e+01 9.827588e+00
2.000000e+00 3.304974e+00 1.159000e+01 9.952025e+00
1.000000e+00 3.286106e+00 1.159000e+01 1.007638e+01
1.000000e+00 4.484365e+00 1.159000e+01 1.020081e+01
1.000000e+00 3.445854e+00 1.159000e+01 1.032516e+01
1.000000e+00 2.396649e+00 1.159000e+01 1.044960e+01
1.000000e+00 1.985832e+00 1.159000e+01 1.057404e+01
1.000000e+00 1.564041e+00 1.159000e+01 1.069839e+01
2.000000e+00 1.528736e+00 1.159000e+01 1.082282e+01
2.000000e+00 1.380163e+00 1.159000e+01 1.094718e+01
2.000000e+00 8.808297e-01 1.159000e+01 1.107161e+01
1.000000e+00 8.630759e-01 1.159000e+01 1.119596e+01
1.000000e+00 7.867351e-01 1.159000e+01 1.132040e+01
1.000000e+00 1.224898e+00 1.159000e+01 5.224800e+00
1.000000e+00 1.151050e+00 1.159000e+01 5.349202e+00
2.000000e+00 1.462725e+00 1.159000e+01 5.473596e+00
1.000000e+00 7.257146e-01 1.159000e+01 5.597999e+00
1.000000e+00 6.636019e-01 1.159000e+01 5.722401e+00
1.000000e+00 7.257205e-01 1.159000e+01 5.846804e+00
1.000000e+00 6.414018e-01 1.159000e+01 5.971198e+00
1.000000e+00 6.537711e-01 1.159000e+01 6.095600e+00
1.000000e+00 4.298231e-01 1.159000e+01 6.220002e+00
1.000000e+00 7.511804e-01 1.159000e+01 6.344396e+00
1.000000e+00 8.200089e-01 1.159000e+01 6.468799e+00
1.000000e+00 1.070953e+00 1.159000e+01 6.593201e+00
1.000000e+00 1.161671e+00 1.159000e+01 6.717604e+00
1.000000e+00 5.068198e-01 1.159000e+01 6.841998e+00
1.000000e+00 5.057697e-01 1.159000e+01 6.966400e+00
1.000000e+00 5.029348e-01 1.159000e+01 7.090802e+00
1.000000e+00 5.688933e-01 1.159000e+01 7.215196e+00
1.000000e+00 5.807886e-01 1.159000e+01 7.339599e+00
1.000000e+00 3.235189e-01 1.159000e+01 7.464001e+00
1.000000e+00 3.816457e-01 1.159000e+01 7.588404e+00
1.000000e+00 3.471736e-01 1.159000e+01 7.712798e+00
2.000000e+00 6.221381e-01 1.159000e+01 7.837200e+00
1.000000e+00 5.737439e-01 1.159000e+01 7.961602e+00
1.000000e+00 5.712768e-01 1.159000e+01 8.085996e+00
1.000000e+00 9.158475e-01 1.159000e+01 8.210399e+00
1.000000e+00 9.365902e-01 1.159000e+01 8.334801e+00
1.000000e+00 5.852836e-01 1.159000e+01 8.459204e+00
1.000000e+00 6.712994e-01 1.159000e+01 8.583598e+00
1.000000e+00 4.315522e-01 1.159000e+01 8.708000e+00
1.000000e+00 1.183205e+00 1.159000e+01 8.832437e+00
1.000000e+00 1.208979e+00 1.159000e+01 8.956788e+00
3.000000e+00 3.322648e-01 1.159000e+01 9.081225e+00
2.000000e+00 3.201048e-01 1.159000e+01 9.205575e+00
1.000000e+00 1.298597e-01 1.159000e+01 9.330012e+00
1.000000e+00 9.026022e-02 1.159000e+01 9.454363e+00
1.000000e+00 2.675833e-01 1.159000e+01 9.578800e+00
1.000000e+00 2.583981e-01 1.159000e+01 9.703237e+00
1.000000e+00 6.339009e-02 1.159000e+01 9.827588e+00
2.000000e+00 7.052447e-01 1.159000e+01 9.952025e+00
1.000000e+00 6.912531e-01 1.159000e+01 1.007638e+01
1.000000e+00 6.686141e-01 1.159000e+01 1.020081e+01
1.000000e+00 6.019035e-01 1.159000e+01 1.032516e+01
1.000000e+00 7.571096e-01 1.159000e+01 1.044960e+01
1.000000e+00 1.594935e+00 1.159000e+01 1.057404e+01
1.000000e+00 2.031773e+00 1.159000e+01 1.069839e+01
1.000000e+00 7.828787e-01 1.159000e+01 1.082282e+01
1.000000e+00 6.072915e-01 1.159000e+01 1.094718e+01
1.000000e+00 1.003982e+00 1.159000e+01 1.107161e+01
1.000000e+00 6.716496e-01 1.159000e+01 1.119596e+01
1.000000e+00 7.527850e-01 1.159000e+01 1.132040e+01
1.000000e+00 7.316346e-01 1.159000e+01 5.224800e+00
1.000000e+00 1.934542e+00 1.159000e+01 5.349202e+00
2.000000e+00 2.047375e+00 1.159000e+01 5.473596e+00
1.000000e+00 1.409239e+00 1.159000e+01 5.597999e+00
1.000000e+00 1.324613e+00 1.159000e+01 5.722401e+00
2.000000e+00 7.977549e-01 1.159000e+01 5.846804e+00
1.000000e+00 1.605620e+00 1.159000e+01 5.971198e+00
1.000000e+00 1.634496e+00 1.159000e+01 6.095600e+00
2.000000e+00 1.352666e+00 1.159000e+01 6.220002e+00
1.000000e+00 1.653901e+00 1.159000e+01 6.344396e+00
1.000000e+00 1.063032e+00 1.159000e+01 6.468799e+00
1.000000e+00 1.116692e+00 1.159000e+01 6.593201e+00
1.000000e+00 5.495562e-01 1.159000e+01 6.717604e+00
1.000000e+00 8.060536e-01 1.159000e+01 6.841998e+00
1.000000e+00 2.419105e-01 1.159000e+01 6.966400e+00
1.000000e+00 2.129337e-01 1.159000e+01 7.090802e+00
1.000000e+00 4.253275e-02 1.159000e+01 7.215196e+00
2.000000e+00 1.052017e-02 1.159000e+01 7.339599e+00
1.000000e+00 5.105521e-02 1.159000e+01 7.464001e+00
1.000000e+00 2.468379e-01 1.159000e+01 7.588404e+00
1.000000e+00 3.770013e-02 1.159000e+01 7.712798e+00
1.000000e+00 7.330962e-04 1.159000e+01 7.837200e+00
1.000000e+00 2.539717e-01 1.159000e+01 7.961602e+00
1.000000e+00 3.095106e-01 1.159000e+01 8.085996e+00
1.000000e+00 1.615209e-01 1.159000e+01 8.210399e+00
2.000000e+00 2.388063e-01 1.159000e+01 8.334801e+00
1.000000e+00 4.726685e-01 1.159000e+01 8.459204e+00
1.000000e+00 1.107044e-01 1.159000e+01 8.583598e+00
1.000000e+00 2.330380e-01 1.159000e+01 8.708000e+00
2.000000e+00 3.137652e-01 1.159000e+01 8.832437e+00
1.000000e+00 1.586488e-01 1.159000e+01 8.956788e+00
1.000000e+00 2.756740e-01 1.159000e+01 9.081225e+00
1.000000e+00 3.377230e-01 1.159000e+01 9.205575e+00
1.000000e+00 9.638338e-02 1.159000e+01 9.330012e+00
1.000000e+00 2.829317e-01 1.159000e+01 9.454363e+00
1.000000e+00 4.954531e-02 1.159000e+01 9.578800e+00
1.000000e+00 1.148951e-02 1.159000e+01 9.703237e+00
1.000000e+00 4.507603e-02 1.159000e+01 9.827588e+00
1.000000e+00 1.416716e-01 1.159000e+01 9.952025e+00
1.000000e+00 1.637362e-01 1.159000e+01 1.007638e+01
1.000000e+00 5.484310e-01 1.159000e+01 1.020081e+01
1.000000e+00 2.490535e-01 1.159000e+01 1.032516e+01
1.000000e+00 5.169936e-02 1.159000e+01 1.044960e+01
1.000000e+00 5.577488e-02 1.159000e+01 1.057404e+01
1.000000e+00 4.495712e-02 1.159000e+01 1.069839e+01
1.000000e+00 2.248493e-01 1.159000e+01 1.082282e+01
1.000000e+00 1.641599e-01 1.159000e+01 1.094718e+01
1.000000e+00 7.965337e-02 1.159000e+01 1.107161e+01
1.000000e+00 2.116809e-01 1.159000e+01 1.119596e+01
2.000000e+00 4.946864e-01 1.159000e+01 1.132040e+01
1.000000e+00 5.009218e-01 1.159000e+01 5.224800e+00
1.000000e+00 6.745669e-01 1.159000e+01 5.349202e+00
1.000000e+00 1.087826e+00 1.159000e+01 5.473596e+00
2.000000e+00 1.008247e+00 1.159000e+01 5.597999e+00
1.000000e+00 1.232159e+00 1.159000e+01 5.722401e+00
1.000000e+00 7.083088e-01 1.159000e+01 5.846804e+00
1.000000e+00 1.147378e+00 1.159000e+01 5.971198e+00
1.000000e+00 8.883256e-01 1.159000e+01 6.095600e+00
1.000000e+00 4.325142e-01 1.159000e+01 6.220002e+00
1.000000e+00 5.005248e-01 1.159000e+01 6.344396e+00
1.000000e+00 6.413184e-01 1.159000e+01 6.468799e+00
1.000000e+00 6.557863e-01 1.159000e+01 6.593201e+00
1.000000e+00 6.677342e-01 1.159000e+01 6.717604e+00
2.000000e+00 6.752512e-01 1.159000e+01 6.841998e+00
1.000000e+00 8.972971e-01 1.159000e+01 6.966400e+00
2.000000e+00 1.119358e+00 1.159000e+01 7.090802e+00
1.000000e+00 1.623258e+00 1.159000e+01 7.215196e+00
2.000000e+00 2.378643e+00 1.159000e+01 7.339599e+00
1.000000e+00 2.185267e+00 1.159000e+01 7.464001e+00
1.000000e+00 1.693998e+00 1.159000e+01 7.588404e+00
1.000000e+00 1.770114e+00 1.159000e+01 7.712798e+00
1.000000e+00 1.626572e+00 1.159000e+01 7.837200e+00
1.000000e+00 1.456391e+00 1.159000e+01 7.961602e+00
1.000000e+00 2.127799e+00 1.159000e+01 8.085996e+00
1.000000e+00 1.796695e+00 1.159000e+01 8.210399e+00
1.000000e+00 1.782165e+00 1.159000e+01 8.334801e+00
1.000000e+00 2.343492e+00 1.159000e+01 8.459204e+00
1.000000e+00 1.760863e+00 1.159000e+01 8.583598e+00
2.000000e+00 1.692815e+00 1.159000e+01 8.708000e+00
1.000000e+00 1.669594e+00 1.159000e+01 8.832437e+00
1.000000e+00 1.646261e+00 1.159000e+01 8.956788e+00
1.000000e+00 1.202238e+00 1.159000e+01 9.081225e+00
1.000000e+00 9.940882e-01 1.159000e+01 9.205575e+00
1.000000e+00 2.160188e+00 1.159000e+01 9.330012e+00
1.000000e+00 2.433531e+00 1.159000e+01 9.454363e+00
1.000000e+00 2.019616e+00 1.159000e+01 9.578800e+00
1.000000e+00 1.387214e+00 1.159000e+01 9.703237e+00
1.000000e+00 1.138744e+00 1.159000e+01 9.827588e+00
1.000000e+00 1.037682e+00 1.159000e+01 9.952025e+00
1.000000e+00 7.379038e-01 1.159000e+01 1.007638e+01
1.000000e+00 8.632750e-01 1.159000e+01 1.020081e+01
1.000000e+00 6.083049e-01 1.159000e+01 1.032516e+01
1.000000e+00 7.074181e-01 1.159000e+01 1.044960e+01
1.000000e+00 7.713568e-01 1.159000e+01 1.057404e+01
1.000000e+00 8.156952e-01 1.159000e+01 1.069839e+01
1.000000e+00 9.269614e-01 1.159000e+01 1.082282e+01
1.000000e+00 8.306547e-01 1.159000e+01 1.094718e+01
1.000000e+00 8.903744e-01 1.159000e+01 1.107161e+01
1.000000e+00 9.041719e-01 1.159000e+01 1.119596e+01
2.000000e+00 8.819533e-01 1.159000e+01 1.132040e+01
2.000000e+00 6.898846e-01 1.159000e+01 5.224800e+00
1.000000e+00 6.900093e-01 1.159000e+01 5.349202e+00
1.000000e+00 6.897555e-01 1.159000e+01 5.473596e+00
2.000000e+00 1.013797e+00 1.159000e+01 5.597999e+00
1.000000e+00 1.524237e+00 1.159000e+01 5.722401e+00
2.000000e+00 1.405730e+00 1.159000e+01 5.846804e+00
1.000000e+00 1.167571e+00 1.159000e+01 5.971198e+00
1.000000e+00 1.597195e+00 1.159000e+01 6.095600e+00
2.000000e+00 1.596660e+00 1.159000e+01 6.220002e+00
1.000000e+00 1.045336e+00 1.159000e+01 6.344396e+00
1.000000e+00 1.214928e+00 1.159000e+01 6.468799e+00
1.000000e+00 1.519749e+00 1.159000e+01 6.593201e+00
1.000000e+00 1.757156e+00 1.159000e+01 6.717604e+00
1.000000e+00 1.647431e+00 1.159000e+01 6.841998e+00
1.000000e+00 9.471698e-01 1.159000e+01 6.966400e+00
1.000000e+00 1.007025e+00 1.159000e+01 7.090802e+00
1.000000e+00 1.840062e+00 1.159000e+01 7.215196e+00
1.000000e+00 2.324618e+00 1.159000e+01 7.339599e+00
1.000000e+00 2.048692e+00 1.159000e+01 7.464001e+00
1.000000e+00 1.925188e+00 1.159000e+01 7.588404e+00
1.000000e+00 1.721889e+00 1.159000e+01 7.712798e+00
1.000000e+00 1.841402e+00 1.159000e+01 7.837200e+00
2.000000e+00 1.698427e+00 1.159000e+01 7.961602e+00
2.000000e+00 1.743241e+00 1.159000e+01 8.085996e+00
1.000000e+00 1.670090e+00 1.159000e+01 8.210399e+00
1.000000e+00 1.106872e+00 1.159000e+01 8.334801e+00
1.000000e+00 1.718349e+00 1.159000e+01 8.459204e+00
1.000000e+00 2.168093e+00 1.159000e+01 8.583598e+00
1.000000e+00 1.358752e+00 1.159000e+01 8.708000e+00
1.000000e+00 1.090726e+00 1.159000e+01 8.832437e+00
1.000000e+00 1.095765e+00 1.159000e+01 8.956788e+00
1.000000e+00 9.591120e-01 1.159000e+01 9.081225e+00
2.000000e+00 1.460608e+00 1.159000e+01 9.205575e+00
1.000000e+00 1.491756e+00 1.159000e+01 9.330012e+00
1.000000e+00 1.158063e+00 1.159000e+01 9.454363e+00
1.000000e+00 1.118571e+00 1.159000e+01 9.578800e+00
1.000000e+00 1.286033e+00 1.159000e+01 9.703237e+00
1.000000e+00 1.669197e+00 1.159000e+01 9.827588e+00
1.000000e+00 1.427381e+00 1.159000e+01 9.952025e+00
1.000000e+00 1.095855e+00 1.159000e+01 1.007638e+01
2.000000e+00 1.098217e+00 1.159000e+01 1.020081e+01
1.000000e+00 1.097225e+00 1.159000e+01 1.032516e+01
1.000000e+00 4.955346e-01 1.159000e+01 1.044960e+01
1.000000e+00 4.351106e-01 1.159000e+01 1.057404e+01
1.000000e+00 4.934852e-01 1.159000e+01 1.069839e+01
1.000000e+00 5.379426e-01 1.159000e+01 1.082282e+01
1.000000e+00 6.512930e-01 1.159000e+01 1.094718e+01
1.000000e+00 3.299949e-01 1.159000e+01 1.107161e+01
1.000000e+00 2.488149e-01 1.159000e+01 1.119596e+01
1.000000e+00 2.917811e-01 1.159000e+01 1.132040e+01
1.000000e+00 5.074866e-01 1.159000e+01 5.224800e+00
1.000000e+00 4.603681e-01 1.159000e+01 5.349202e+00
1.000000e+00 6.789253e-01 1.159000e+01 5.473596e+00
1.000000e+00 8.917577e-01 1.159000e+01 5.597999e+00
1.000000e+00 1.129559e+00 1.159000e+01 5.722401e+00
1.000000e+00 9.130711e-01 1.159000e+01 5.846804e+00
1.000000e+00 1.347677e-01 1.159000e+01 5.971198e+00
2.000000e+00 2.356501e-01 1.159000e+01 6.095600e+00
1.000000e+00 3.783785e-01 1.159000e+01 6.220002e+00
1.000000e+00 3.657353e-01 1.159000e+01 6.344396e+00
1.000000e+00 3.237846e-01 1.159000e+01 6.468799e+00
1.000000e+00 6.982757e-01 1.159000e+01 6.593201e+00
1.000000e+00 6.226550e-01 1.159000e+01 6.717604e+00
1.000000e+00 6.914839e-01 1.159000e+01 6.841998e+00
1.000000e+00 6.362162e-01 1.159000e+01 6.966400e+00
2.000000e+00 1.298004e+00 1.159000e+01 7.090802e+00
1.000000e+00 1.924552e+00 1.159000e+01 7.215196e+00
1.000000e+00 2.420614e+00 1.159000e+01 7.339599e+00
1.000000e+00 2.497539e+00 1.159000e+01 7.464001e+00
1.000000e+00 1.683370e+00 1.159000e+01 7.588404e+00
1.000000e+00 1.724648e+00 1.159000e+01 7.712798e+00
1.000000e+00 1.883749e+00 1.159000e+01 7.837200e+00
1.000000e+00 1.839883e+00 1.159000e+01 7.961602e+00
1.000000e+00 1.996947e+00 1.159000e+01 8.085996e+00
1.000000e+00 1.483440e+00 1.159000e+01 8.210399e+00
1.000000e+00 1.368370e+00 1.159000e+01 8.334801e+00
1.000000e+00 1.738266e+00 1.159000e+01 8.459204e+00
2.000000e+00 1.661135e+00 1.159000e+01 8.583598e+00
1.000000e+00 1.507450e+00 1.159000e+01 8.708000e+00
1.000000e+00 1.256282e+00 1.159000e+01 8.832437e+00
1.000000e+00 6.569411e-01 1.159000e+01 8.956788e+00
1.000000e+00 1.210544e+00 1.159000e+01 9.081225e+00
1.000000e+00 6.147210e-01 1.159000e+01 9.205575e+00
1.000000e+00 6.008036e-01 1.159000e+01 9.330012e+00
1.000000e+00 7.677974e-01 1.159000e+01 9.454363e+00
1.000000e+00 1.595821e+00 1.159000e+01 9.578800e+00
3.000000e+00 1.345575e+00 1.159000e+01 9.703237e+00
1.000000e+00 1.079389e+00 1.159000e+01 9.827588e+00
1.000000e+00 1.239367e+00 1.159000e+01 9.952025e+00
1.000000e+00 1.523919e+00 1.159000e+01 1.007638e+01
2.000000e+00 1.959880e+00 1.159000e+01 1.020081e+01
1.000000e+00 1.537861e+00 1.159000e+01 1.032516e+01
1.000000e+00 1.816602e+00 1.159000e+01 1.044960e+01
1.000000e+00 1.382241e+00 1.159000e+01 1.057404e+01
1.000000e+00 1.038677e+00 1.159000e+01 1.069839e+01
1.000000e+00 6.300107e-01 1.159000e+01 1.082282e+01
1.000000e+00 6.329840e-01 1.159000e+01 1.094718e+01
1.000000e+00 5.123230e-01 1.159000e+01 1.107161e+01
1.000000e+00 4.085699e-01 1.159000e+01 1.119596e+01
1.000000e+00 3.260237e-01 1.159000e+01 1.132040e+01
1.000000e+00 4.540522e-01 1.159000e+01 5.224800e+00
1.000000e+00 9.302560e-02 1.159000e+01 5.349202e+00
2.000000e+00 1.354915e-01 1.159000e+01 5.473596e+00
1.000000e+00 1.654843e-01 1.159000e+01 5.597999e+00
1.000000e+00 2.270443e-01 1.159000e+01 5.722401e+00
1.000000e+00 3.356064e-01 1.159000e+01 5.846804e+00
1.000000e+00 2.223514e-01 1.159000e+01 5.971198e+00
1.000000e+00 2.640230e-01 1.159000e+01 6.095600e+00
1.000000e+00 1.311855e-01 1.159000e+01 6.220002e+00
1.000000e+00 9.121930e-02 1.159000e+01 6.344396e+00
1.000000e+00 3.938240e-02 1.159000e+01 6.468799e+00
1.000000e+00 2.712089e-01 1.159000e+01 6.593201e+00
1.000000e+00 7.520355e-02 1.159000e+01 6.717604e+00
1.000000e+00 4.262411e-02 1.159000e+01 6.841998e+00
1.000000e+00 9.160522e-02 1.159000e+01 6.966400e+00
1.000000e+00 2.214321e-01 1.159000e+01 7.090802e+00
1.000000e+00 8.784008e-02 1.159000e+01 7.215196e+00
2.000000e+00 1.920388e-01 1.159000e+01 7.339599e+00
1.000000e+00 1.719755e-01 1.159000e+01 7.464001e+00
1.000000e+00 1.503576e-01 1.159000e+01 7.588404e+00
1.000000e+00 3.510702e-01 1.159000e+01 7.712798e+00
1.000000e+00 2.409585e-01 1.159000e+01 7.837200e+00
1.000000e+00 4.091429e-01 1.159000e+01 7.961602e+00
1.000000e+00 4.840152e-01 1.159000e+01 8.085996e+00
1.000000e+00 4.223344e-01 1.159000e+01 8.210399e+00
2.000000e+00 4.878589e-01 1.159000e+01 8.334801e+00
2.000000e+00 5.549482e-01 1.159000e+01 8.459204e+00
1.000000e+00 3.258851e-01 1.159000e+01 8.583598e+00
1.000000e+00 2.322517e-01 1.159000e+01 8.708000e+00
1.000000e+00 2.919469e-01 1.159000e+01 8.832437e+00
1.000000e+00 2.814988e-01 1.159000e+01 8.956788e+00
1.000000e+00 2.815849e-01 1.159000e+01 9.081225e+00
2.000000e+00 5.360853e-01 1.159000e+01 9.205575e+00
1.000000e+00 6.819208e-01 1.159000e+01 9.330012e+00
1.000000e+00 9.920169e-01 1.159000e+01 9.454363e+00
1.000000e+00 1.358792e+00 1.159000e+01 9.578800e+00
1.000000e+00 8.733905e-01 1.159000e+01 9.703237e+00
1.000000e+00 4.170421e-01 1.159000e+01 9.827588e+00
1.000000e+00 3.017873e-01 1.159000e+01 9.952025e+00
1.000000e+00 2.240251e-01 1.159000e+01 1.007638e+01
1.000000e+00 2.111880e-01 1.159000e+01 1.020081e+01
1.000000e+00 2.099239e-01 1.159000e+01 1.032516e+01
1.000000e+00 1.268258e-01 1.159000e+01 1.044960e+01
1.000000e+00 8.817995e-02 1.159000e+01 1.057404e+01
1.000000e+00 2.059937e-02 1.159000e+01 1.069839e+01
1.000000e+00 6.107221e-02 1.159000e+01 1.082282e+01
1.000000e+00 7.045749e-01 1.159000e+01 1.094718e+01
1.000000e+00 1.020988e+00 1.159000e+01 1.107161e+01
1.000000e+00 1.717973e+00 1.159000e+01 1.119596e+01
1.000000e+00 2.156685e+00 1.159000e+01 1.132040e+01
1.000000e+00 1.642642e+00 1.159000e+01 5.224800e+00
1.000000e+00 2.892769e+00 1.159000e+01 5.349202e+00
3.000000e+00 2.086827e+00 1.159000e+01 5.473596e+00
1.000000e+00 2.524150e+00 1.159000e+01 5.597999e+00
2.000000e+00 3.675192e+00 1.159000e+01 5.722401e+00
1.000000e+00 2.258882e+00 1.159000e+01 5.846804e+00
1.000000e+00 2.039703e+00 1.159000e+01 5.971198e+00
1.000000e+00 2.476249e+00 1.159000e+01 6.095600e+00
1.000000e+00 1.288696e+00 1.159000e+01 6.220002e+00
2.000000e+00 1.566430e+00 1.159000e+01 6.344396e+00
1.000000e+00 1.799683e+00 1.159000e+01 6.468799e+00
1.000000e+00 7.223552e-02 1.159000e+01 6.593201e+00
1.000000e+00 6.428809e-02 1.159000e+01 6.717604e+00
2.000000e+00 9.346812e-02 1.159000e+01 6.841998e+00
1.000000e+00 5.934121e-02 1.159000e+01 6.966400e+00
1.000000e+00 2.218750e-03 1.159000e+01 7.090802e+00
1.000000e+00 5.696321e-01 1.159000e+01 7.215196e+00
3.000000e+00 4.240417e-01 1.159000e+01 7.339599e+00
1.000000e+00 2.997028e-01 1.159000e+01 7.464001e+00
1.000000e+00 2.343641e-01 1.159000e+01 7.588404e+00
1.000000e+00 5.896526e-01 1.159000e+01 7.712798e+00
1.000000e+00 2.872370e-01 1.159000e+01 7.837200e+00
1.000000e+00 3.013402e-01 1.159000e+01 7.961602e+00
1.000000e+00 2.552379e-01 1.159000e+01 8.085996e+00
1.000000e+00 4.148686e-01 1.159000e+01 8.210399e+00
2.000000e+00 2.120261e-01 1.159000e+01 8.334801e+00
1.000000e+00 5.745445e-01 1.159000e+01 8.459204e+00
2.000000e+00 6.573910e-01 1.159000e+01 8.583598e+00
1.000000e+00 9.365712e-01 1.159000e+01 8.708000e+00
1.000000e+00 5.182476e-01 1.159000e+01 8.832437e+00
1.000000e+00 4.770060e-01 1.159000e+01 8.956788e+00
1.000000e+00 6.271743e-01 1.159000e+01 9.081225e+00
1.000000e+00 5.854170e-01 1.159000e+01 9.205575e+00
1.000000e+00 4.778203e-01 1.159000e+01 9.330012e+00
3.000000e+00 1.165141e+00 1.159000e+01 9.454363e+00
1.000000e+00 1.259627e+00 1.159000e+01 9.578800e+00
1.000000e+00 9.896344e-01 1.159000e+01 9.703237e+00
2.000000e+00 1.110804e+00 1.159000e+01 9.827588e+00
1.000000e+00 8.587322e-01 1.159000e+01 9.952025e+00
1.000000e+00 6.432784e-01 1.159000e+01 1.007638e+01
1.000000e+00 1.003278e+00 1.159000e+01 1.020081e+01
2.000000e+00 8.401443e-01 1.159000e+01 1.032516e+01
1.000000e+00 9.696656e-01 1.159000e+01 1.044960e+01
1.000000e+00 7.815168e-01 1.159000e+01 1.057404e+01
1.000000e+00 1.410439e+00 1.159000e+01 1.069839e+01
1.000000e+00 2.199269e+00 1.159000e+01 1.082282e+01
1.000000e+00 2.523774e+00 1.159000e+01 1.094718e+01
1.000000e+00 2.676012e+00 1.159000e+01 1.107161e+01
1.000000e+00 1.839697e+00 1.159000e+01 1.119596e+01
1.000000e+00 7.837441e-01 1.159000e+01 1.132040e+01
1.000000e+00 8.042147e-01 1.159000e+01 5.224800e+00
1.000000e+00 5.823616e-01 1.159000e+01 5.349202e+00
2.000000e+00 1.705013e-01 1.159000e+01 5.473596e+00
1.000000e+00 9.432683e-02 1.159000e+01 5.597999e+00
1.000000e+00 2.246769e-01 1.159000e+01 5.722401e+00
1.000000e+00 1.158652e-01 1.159000e+01 5.846804e+00
1.000000e+00 1.143085e-01 1.159000e+01 5.971198e+00
1.000000e+00 1.267637e-01 1.159000e+01 6.095600e+00
1.000000e+00 1.708774e-01 1.159000e+01 6.220002e+00
1.000000e+00 6.683265e-01 1.159000e+01 6.344396e+00
1.000000e+00 6.264040e-01 1.159000e+01 6.468799e+00
2.000000e+00 1.268020e+00 1.159000e+01 6.593201e+00
1.000000e+00 1.441616e+00 1.159000e+01 6.717604e+00
1.000000e+00 1.932928e+00 1.159000e+01 6.841998e+00
1.000000e+00 1.400713e+00 1.159000e+01 6.966400e+00
2.000000e+00 4.672557e-01 1.159000e+01 7.090802e+00
1.000000e+00 5.356869e-01 1.159000e+01 7.215196e+00
1.000000e+00 1.989753e-01 1.159000e+01 7.339599e+00
1.000000e+00 2.822735e-02 1.159000e+01 7.464001e+00
1.000000e+00 1.198532e-01 1.159000e+01 7.588404e+00
1.000000e+00 1.229749e-01 1.159000e+01 7.712798e+00
1.000000e+00 4.950989e-01 1.159000e+01 7.837200e+00
2.000000e+00 8.793742e-01 1.159000e+01 7.961602e+00
1.000000e+00 4.278928e-01 1.159000e+01 8.085996e+00
1.000000e+00 5.457207e-01 1.159000e+01 8.210399e+00
1.000000e+00 8.886616e-02 1.159000e+01 8.334801e+00
1.000000e+00 1.252410e-01 1.159000e+01 8.459204e+00
1.000000e+00 1.919289e-01 1.159000e+01 8.583598e+00
1.000000e+00 1.415663e-01 1.159000e+01 8.708000e+00
1.000000e+00 5.084598e-01 1.159000e+01 8.832437e+00
1.000000e+00 2.429340e-01 1.159000e+01 8.956788e+00
1.000000e+00 7.273177e-01 1.159000e+01 9.081225e+00
1.000000e+00 3.232762e-01 1.159000e+01 9.205575e+00
1.000000e+00 3.263832e-01 1.159000e+01 9.330012e+00
1.000000e+00 5.645436e-01 1.159000e+01 9.454363e+00
2.000000e+00 1.150132e+00 1.159000e+01 9.578800e+00
4.000000e+00 1.063708e+00 1.159000e+01 9.703237e+00
1.000000e+00 1.416544e+00 1.159000e+01 9.827588e+00
1.000000e+00 1.945296e+00 1.159000e+01 9.952025e+00
1.000000e+00 1.392570e+00 1.159000e+01 1.007638e+01
1.000000e+00 1.638410e+00 1.159000e+01 1.020081e+01
2.000000e+00 2.062501e+00 1.159000e+01 1.032516e+01
2.000000e+00 2.236187e+00 1.159000e+01 1.044960e+01
1.000000e+00 1.896942e+00 1.159000e+01 1.057404e+01
1.000000e+00 1.557283e+00 1.159000e+01 1.069839e+01
2.000000e+00 1.703120e+00 1.159000e+01 1.082282e+01
3.000000e+00 1.236347e+00 1.159000e+01 1.094718e+01
1.000000e+00 7.350695e-01 1.159000e+01 1.107161e+01
1.000000e+00 9.602128e-01 1.159000e+01 1.119596e+01
2.000000e+00 7.921773e-01 1.159000e+01 1.132040e+01
1.000000e+00 4.609299e-01 1.159000e+01 5.224800e+00
1.000000e+00 2.992608e-01 1.159000e+01 5.349202e+00
1.000000e+00 2.667736e-01 1.159000e+01 5.473596e+00
1.000000e+00 2.059954e-01 1.159000e+01 5.597999e+00
1.000000e+00 2.698461e-01 1.159000e+01 5.722401e+00
1.000000e+00 2.902998e-01 1.159000e+01 5.846804e+00
2.000000e+00 2.283054e-01 1.159000e+01 5.971198e+00
1.000000e+00 2.365597e-01 1.159000e+01 6.095600e+00
1.000000e+00 1.327437e-01 1.159000e+01 6.220002e+00
1.000000e+00 1.782857e-01 1.159000e+01 6.344396e+00
1.000000e+00 1.017093e-01 1.159000e+01 6.468799e+00
1.000000e+00 3.371604e-02 1.159000e+01 6.593201e+00
1.000000e+00 4.290069e-02 1.159000e+01 6.717604e+00
1.000000e+00 1.268845e-02 1.159000e+01 6.841998e+00
1.000000e+00 6.507519e-02 1.159000e+01 6.966400e+00
1.000000e+00 3.066605e-01 1.159000e+01 7.090802e+00
2.000000e+00 7.391691e-01 1.159000e+01 7.215196e+00
1.000000e+00 6.551613e-01 1.159000e+01 7.339599e+00
1.000000e+00 3.197482e-01 1.159000e+01 7.464001e+00
1.000000e+00 8.760757e-03 1.159000e+01 7.588404e+00
3.000000e+00 4.213307e-03 1.159000e+01 7.712798e+00
1.000000e+00 4.568507e-02 1.159000e+01 7.837200e+00
2.000000e+00 8.141126e-02 1.159000e+01 7.961602e+00
1.000000e+00 2.024548e-02 1.159000e+01 8.085996e+00
1.000000e+00 1.955253e-02 1.159000e+01 8.210399e+00
1.000000e+00 5.090794e-03 1.159000e+01 8.334801e+00
1.000000e+00 2.926392e-02 1.159000e+01 8.459204e+00
1.000000e+00 2.403999e-02 1.159000e+01 8.583598e+00
1.000000e+00 6.975154e-02 1.159000e+01 8.708000e+00
1.000000e+00 1.483464e-02 1.159000e+01 8.832437e+00
1.000000e+00 1.273033e-02 1.159000e+01 8.956788e+00
1.000000e+00 8.769151e-02 1.159000e+01 9.081225e+00
2.000000e+00 1.225541e-01 1.159000e+01 9.205575e+00
1.000000e+00 1.425033e-01 1.159000e+01 9.330012e+00
1.000000e+00 9.629176e-02 1.159000e+01 9.454363e+00
1.000000e+00 1.862772e-01 1.159000e+01 9.578800e+00
1.000000e+00 1.006663e-01 1.159000e+01 9.703237e+00
1.000000e+00 2.932223e-02 1.159000e+01 9.827588e+00
1.000000e+00 1.409039e-02 1.159000e+01 9.952025e+00
1.000000e+00 1.211161e-02 1.159000e+01 1.007638e+01
1.000000e+00 4.822293e-02 1.159000e+01 1.020081e+01
1.000000e+00 8.567807e-02 1.159000e+01 1.032516e+01
1.000000e+00 8.210938e-02 1.159000e+01 1.044960e+01
1.000000e+00 8.208764e-02 1.159000e+01 1.057404e+01
1.000000e+00 8.131420e-02 1.159000e+01 1.069839e+01
1.000000e+00 7.026662e-02 1.159000e+01 1.082282e+01
2.000000e+00 2.064630e-01 1.159000e+01 1.094718e+01
2.000000e+00 2.577023e-01 1.159000e+01 1.107161e+01
1.000000e+00 2.434470e-01 1.159000e+01 1.119596e+01
2.000000e+00 2.029840e-01 1.159000e+01 1.132040e+01
1.000000e+00 9.604692e-02 1.159000e+01 5.224800e+00
1.000000e+00 1.087371e-01 1.159000e+01 5.349202e+00
1.000000e+00 1.100600e-02 1.159000e+01 5.473596e+00
2.000000e+00 5.380807e-01 1.159000e+01 5.597999e+00
1.000000e+00 4.175870e-01 1.159000e+01 5.722401e+00
1.000000e+00 3.830235e-02 1.159000e+01 5.846804e+00
1.000000e+00 9.938165e-02 1.159000e+01 5.971198e+00
1.000000e+00 4.443477e-01 1.159000e+01 6.095600e+00
1.000000e+00 5.910950e-01 1.159000e+01 6.220002e+00
2.000000e+00 4.602080e-01 1.159000e+01 6.344396e+00
1.000000e+00 2.502085e-01 1.159000e+01 6.468799e+00
2.000000e+00 6.279578e-01 1.159000e+01 6.593201e+00
1.000000e+00 6.958079e-02 1.159000e+01 6.717604e+00
1.000000e+00 7.040627e-01 1.159000e+01 6.841998e+00
1.000000e+00 6.169585e-01 1.159000e+01 6.966400e+00
2.000000e+00 1.491409e+00 1.159000e+01 7.090802e+00
1.000000e+00 1.502620e+00 1.159000e+01 7.215196e+00
1.000000e+00 8.762585e-01 1.159000e+01 7.339599e+00
2.000000e+00 3.141601e-01 1.159000e+01 7.464001e+00
1.000000e+00 1.511374e-01 1.159000e+01 7.588404e+00
1.000000e+00 3.620593e-01 1.159000e+01 7.712798e+00
1.000000e+00 4.305675e-02 1.159000e+01 7.837200e+00
1.000000e+00 2.646105e-01 1.159000e+01 7.961602e+00
1.000000e+00 1.580465e-01 1.159000e+01 8.085996e+00
1.000000e+00 4.132725e-01 1.159000e+01 8.210399e+00
2.000000e+00 1.048594e+00 1.159000e+01 8.334801e+00
1.000000e+00 1.510822e+00 1.159000e+01 8.459204e+00
1.000000e+00 1.530252e+00 1.159000e+01 8.583598e+00
1.000000e+00 1.245728e+00 1.159000e+01 8.708000e+00
1.000000e+00 8.294487e-01 1.159000e+01 8.832437e+00
1.000000e+00 7.330741e-01 1.159000e+01 8.956788e+00
1.000000e+00 1.997603e-01 1.159000e+01 9.081225e+00
2.000000e+00 1.621691e-01 1.159000e+01 9.205575e+00
1.000000e+00 3.628195e-02 1.159000e+01 9.330012e+00
1.000000e+00 2.666097e-02 1.159000e+01 9.454363e+00
1.000000e+00 6.501834e-02 1.159000e+01 9.578800e+00
1.000000e+00 1.592577e-01 1.159000e+01 9.703237e+00
1.000000e+00 2.319636e-01 1.159000e+01 9.827588e+00
1.000000e+00 3.320299e-02 1.159000e+01 9.952025e+00
1.000000e+00 2.479581e-02 1.159000e+01 1.007638e+01
1.000000e+00 8.653933e-02 1.159000e+01 1.020081e+01
1.000000e+00 1.236054e-01 1.159000e+01 1.032516e+01
1.000000e+00 2.012851e-02 1.159000e+01 1.044960e+01
2.000000e+00 9.155745e-02 1.159000e+01 1.057404e+01
1.000000e+00 2.197893e-01 1.159000e+01 1.069839e+01
1.000000e+00 2.282776e-01 1.159000e+01 1.082282e+01
1.000000e+00 1.972061e-01 1.159000e+01 1.094718e+01
1.000000e+00 5.713515e-02 1.159000e+01 1.107161e+01
1.000000e+00 4.742743e-01 1.159000e+01 1.119596e+01
1.000000e+00 3.091296e-01 1.159000e+01 1.132040e+01
2.000000e+00 4.522693e-01 1.159000e+01 5.224800e+00
1.000000e+00 4.486909e-01 1.159000e+01 5.349202e+00
1.000000e+00 7.238290e-01 1.159000e+01 5.473596e+00
1.000000e+00 5.767761e-01 1.159000e+01 5.597999e+00
1.000000e+00 2.892115e-01 1.159000e+01 5.722401e+00
1.000000e+00 1.748366e-01 1.159000e+01 5.846804e+00
1.000000e+00 1.400424e-01 1.159000e+01 5.971198e+00
2.000000e+00 1.369914e-01 1.159000e+01 6.095600e+00
2.000000e+00 1.200479e-01 1.159000e+01 6.220002e+00
2.000000e+00 1.191760e-01 1.159000e+01 6.344396e+00
1.000000e+00 4.463441e-01 1.159000e+01 6.468799e+00
1.000000e+00 4.420846e-01 1.159000e+01 6.593201e+00
1.000000e+00 2.121852e-01 1.159000e+01 6.717604e+00
1.000000e+00 5.161166e-02 1.159000e+01 6.841998e+00
1.000000e+00 1.134186e-01 1.159000e+01 6.966400e+00
1.000000e+00 3.301358e-02 1.159000e+01 7.090802e+00
1.000000e+00 4.325018e-02 1.159000e+01 7.215196e+00
1.000000e+00 1.208717e-01 1.159000e+01 7.339599e+00
1.000000e+00 8.972454e-02 1.159000e+01 7.464001e+00
1.000000e+00 5.570777e-03 1.159000e+01 7.588404e+00
1.000000e+00 3.795122e-02 1.159000e+01 7.712798e+00
1.000000e+00 5.424154e-01 1.159000e+01 7.837200e+00
1.000000e+00 4.623060e-01 1.159000e+01 7.961602e+00
1.000000e+00 7.464325e-01 1.159000e+01 8.085996e+00
2.000000e+00 7.595037e-01 1.159000e+01 8.210399e+00
1.000000e+00 6.247933e-01 1.159000e+01 8.334801e+00
1.000000e+00 6.741700e-01 1.159000e+01 8.459204e+00
1.000000e+00 1.706605e+00 1.159000e+01 8.583598e+00
1.000000e+00 2.028495e+00 1.159000e+01 8.708000e+00
1.000000e+00 1.659055e+00 1.159000e+01 8.832437e+00
1.000000e+00 1.936044e+00 1.159000e+01 8.956788e+00
1.000000e+00 1.788031e+00 1.159000e+01 9.081225e+00
1.000000e+00 1.762767e+00 1.159000e+01 9.205575e+00
1.000000e+00 1.262490e+00 1.159000e+01 9.330012e+00
1.000000e+00 1.276333e+00 1.159000e+01 9.454363e+00
2.000000e+00 2.034102e-01 1.159000e+01 9.578800e+00
1.000000e+00 2.682699e-02 1.159000e+01 9.703237e+00
1.000000e+00 3.890243e-02 1.159000e+01 9.827588e+00
3.000000e+00 7.591225e-02 1.159000e+01 9.952025e+00
1.000000e+00 2.643971e-01 1.159000e+01 1.007638e+01
1.000000e+00 6.954805e-01 1.159000e+01 1.020081e+01
1.000000e+00 7.970453e-01 1.159000e+01 1.032516e+01
1.000000e+00 2.502330e-01 1.159000e+01 1.044960e+01
1.000000e+00 4.028252e-01 1.159000e+01 1.057404e+01
1.000000e+00 3.775048e-01 1.159000e+01 1.069839e+01
1.000000e+00 1.085774e-01 1.159000e+01 1.082282e+01
1.000000e+00 1.189787e-01 1.159000e+01 1.094718e+01
1.000000e+00 1.327693e-01 1.159000e+01 1.107161e+01
1.000000e+00 1.575185e-01 1.159000e+01 1.119596e+01
1.000000e+00 2.073204e-01 1.159000e+01 1.132040e+01
1.000000e+00 1.189104e+00 1.159000e+01 5.224800e+00
1.000000e+00 2.335177e+00 1.159000e+01 5.349202e+00
1.000000e+00 9.115025e-01 1.159000e+01 5.473596e+00
1.000000e+00 1.261652e+00 1.159000e+01 5.597999e+00
1.000000e+00 1.793680e+00 1.159000e+01 5.722401e+00
1.000000e+00 2.037972e+00 1.159000e+01 5.846804e+00
3.000000e+00 2.085735e+00 1.159000e+01 5.971198e+00
2.000000e+00 1.927135e+00 1.159000e+01 6.095600e+00
1.000000e+00 3.279393e+00 1.159000e+01 6.220002e+00
1.000000e+00 3.932161e+00 1.159000e+01 6.344396e+00
3.000000e+00 2.820662e+00 1.159000e+01 6.468799e+00
1.000000e+00 2.460806e+00 1.159000e+01 6.593201e+00
1.000000e+00 1.962172e+00 1.159000e+01 6.717604e+00
1.000000e+00 2.055991e+00 1.159000e+01 6.841998e+00
3.000000e+00 3.016797e+00 1.159000e+01 6.966400e+00
1.000000e+00 6.428310e+00 1.159000e+01 7.090802e+00
2.000000e+00 4.715254e+00 1.159000e+01 7.215196e+00
2.000000e+00 5.423658e+00 1.159000e+01 7.339599e+00
2.000000e+00 5.384355e+00 1.159000e+01 7.464001e+00
1.000000e+00 7.443003e+00 1.159000e+01 7.588404e+00
1.000000e+00 7.667188e+00 1.159000e+01 7.712798e+00
1.000000e+00 6.451737e+00 1.159000e+01 7.837200e+00
1.000000e+00 7.998176e+00 1.159000e+01 7.961602e+00
1.000000e+00 5.914605e+00 1.159000e+01 8.085996e+00
1.000000e+00 3.292255e+00 1.159000e+01 8.210399e+00
1.000000e+00 3.031202e+00 1.159000e+01 8.334801e+00
1.000000e+00 3.521831e+00 1.159000e+01 8.459204e+00
2.000000e+00 3.245787e+00 1.159000e+01 8.583598e+00
1.000000e+00 3.065124e+00 1.159000e+01 8.708000e+00
1.000000e+00 5.165569e+00 1.159000e+01 8.832437e+00
1.000000e+00 3.552596e+00 1.159000e+01 8.956788e+00
2.000000e+00 3.093917e+00 1.159000e+01 9.081225e+00
2.000000e+00 2.272546e+00 1.159000e+01 9.205575e+00
1.000000e+00 2.659841e-01 1.159000e+01 9.330012e+00
1.000000e+00 3.567317e-01 1.159000e+01 9.454363e+00
1.000000e+00 2.760884e-01 1.159000e+01 9.578800e+00
1.000000e+00 2.616711e-01 1.159000e+01 9.703237e+00
1.000000e+00 3.669274e-01 1.159000e+01 9.827588e+00
1.000000e+00 4.678208e-01 1.159000e+01 9.952025e+00
1.000000e+00 3.954988e-01 1.159000e+01 1.007638e+01
1.000000e+00 7.014014e-01 1.159000e+01 1.020081e+01
1.000000e+00 5.303167e-01 1.159000e+01 1.032516e+01
1.000000e+00 4.888819e-01 1.159000e+01 1.044960e+01
1.000000e+00 3.341422e-01 1.159000e+01 1.057404e+01
1.000000e+00 1.893529e-01 1.159000e+01 1.069839e+01
1.000000e+00 3.358528e-01 1.159000e+01 1.082282e+01
1.000000e+00 3.461877e-01 1.159000e+01 1.094718e+01
1.000000e+00 2.167424e-01 1.159000e+01 1.107161e+01
1.000000e+00 2.178154e-01 1.159000e+01 1.119596e+01
1.000000e+00 2.608608e-01 1.159000e+01 1.132040e+01
1.000000e+00 2.557660e-01 1.159000e+01 5.224800e+00
2.000000e+00 2.825439e-01 1.159000e+01 5.349202e+00
1.000000e+00 1.699700e-01 1.159000e+01 5.473596e+00
1.000000e+00 3.316515e-01 1.159000e+01 5.597999e+00
1.000000e+00 6.734680e-01 1.159000e+01 5.722401e+00
2.000000e+00 6.379112e-01 1.159000e+01 5.846804e+00
1.000000e+00 2.538556e-01 1.159000e+01 5.971198e+00
1.000000e+00 1.796397e-01 1.159000e+01 6.095600e+00
1.000000e+00 1.642650e-01 1.159000e+01 6.220002e+00
1.000000e+00 1.986183e-01 1.159000e+01 6.344396e+00
1.000000e+00 1.742904e-01 1.159000e+01 6.468799e+00
2.000000e+00 4.584011e-01 1.159000e+01 6.593201e+00
1.000000e+00 6.660700e-01 1.159000e+01 6.717604e+00
1.000000e+00 5.876941e-01 1.159000e+01 6.841998e+00
1.000000e+00 3.673507e-01 1.159000e+01 6.966400e+00
1.000000e+00 4.435794e-01 1.159000e+01 7.090802e+00
1.000000e+00 2.454127e-01 1.159000e+01 7.215196e+00
1.000000e+00 1.122486e-02 1.159000e+01 7.339599e+00
1.000000e+00 1.188073e-01 1.159000e+01 7.464001e+00
1.000000e+00 2.009260e-01 1.159000e+01 7.588404e+00
1.000000e+00 8.722226e-02 1.159000e+01 7.712798e+00
1.000000e+00 9.212834e-01 1.159000e+01 7.837200e+00
1.000000e+00 5.464651e-01 1.159000e+01 7.961602e+00
1.000000e+00 5.629298e-01 1.159000e+01 8.085996e+00
1.000000e+00 5.230966e-01 1.159000e+01 8.210399e+00
1.000000e+00 8.780863e-01 1.159000e+01 8.334801e+00
1.000000e+00 1.022347e+00 1.159000e+01 8.459204e+00
2.000000e+00 7.908576e-01 1.159000e+01 8.583598e+00
1.000000e+00 7.069784e-01 1.159000e+01 8.708000e+00
1.000000e+00 3.820174e-01 1.159000e+01 8.832437e+00
1.000000e+00 2.409960e-01 1.159000e+01 8.956788e+00
1.000000e+00 3.638590e-01 1.159000e+01 9.081225e+00
2.000000e+00 2.547138e-01 1.159000e+01 9.205575e+00
1.000000e+00 1.488320e+00 1.159000e+01 9.330012e+00
1.000000e+00 1.619961e+00 1.159000e+01 9.454363e+00
2.000000e+00 1.988237e+00 1.159000e+01 9.578800e+00
1.000000e+00 1.284419e+00 1.159000e+01 9.703237e+00
1.000000e+00 3.773411e-01 1.159000e+01 9.827588e+00
1.000000e+00 6.162909e-01 1.159000e+01 9.952025e+00
1.000000e+00 4.714806e-01 1.159000e+01 1.007638e+01
1.000000e+00 1.490284e+00 1.159000e+01 1.020081e+01
1.000000e+00 1.548461e+00 1.159000e+01 1.032516e+01
1.000000e+00 1.418290e+00 1.159000e+01 1.044960e+01
1.000000e+00 8.017028e-01 1.159000e+01 1.057404e+01
1.000000e+00 9.080192e-01 1.159000e+01 1.069839e+01
1.000000e+00 7.435697e-01 1.159000e+01 1.082282e+01
1.000000e+00 6.675608e-01 1.159000e+01 1.094718e+01
1.000000e+00 7.016894e-01 1.159000e+01 1.107161e+01
2.000000e+00 3.410192e-01 1.159000e+01 1.119596e+01
1.000000e+00 2.996972e-01 1.159000e+01 1.132040e+01
1.000000e+00 1.232428e+00 1.159000e+01 5.224800e+00
1.000000e+00 1.088965e+00 1.159000e+01 5.349202e+00
1.000000e+00 8.869052e-01 1.159000e+01 5.473596e+00
1.000000e+00 9.343407e-01 1.159000e+01 5.597999e+00
1.000000e+00 8.179292e-01 1.159000e+01 5.722401e+00
2.000000e+00 9.708755e-01 1.159000e+01 5.846804e+00
1.000000e+00 1.429383e+00 1.159000e+01 5.971198e+00
1.000000e+00 1.399384e+00 1.159000e+01 6.095600e+00
1.000000e+00 6.419973e-01 1.159000e+01 6.220002e+00
1.000000e+00 4.310431e-01 1.159000e+01 6.344396e+00
1.000000e+00 1.719782e-01 1.159000e+01 6.468799e+00
1.000000e+00 2.659004e-01 1.159000e+01 6.593201e+00
1.000000e+00 9.892226e-03 1.159000e+01 6.717604e+00
1.000000e+00 1.126365e-01 1.159000e+01 6.841998e+00
1.000000e+00 2.757648e-01 1.159000e+01 6.966400e+00
1.000000e+00 4.813740e-01 1.159000e+01 7.090802e+00
1.000000e+00 2.056601e-01 1.159000e+01 7.215196e+00
2.000000e+00 1.942067e-01 1.159000e+01 7.339599e+00
1.000000e+00 1.486735e-01 1.159000e+01 7.464001e+00
1.000000e+00 5.527363e-02 1.159000e+01 7.588404e+00
1.000000e+00 1.680294e-01 1.159000e+01 7.712798e+00
1.000000e+00 6.855248e-01 1.159000e+01 7.837200e+00
1.000000e+00 5.971573e-01 1.159000e+01 7.961602e+00
1.000000e+00 1.027950e+00 1.159000e+01 8.085996e+00
1.000000e+00 1.028027e+00 1.159000e+01 8.210399e+00
1.000000e+00 4.546221e-01 1.159000e+01 8.334801e+00
1.000000e+00 2.614947e-01 1.159000e+01 8.459204e+00
1.000000e+00 1.516601e-01 1.159000e+01 8.583598e+00
1.000000e+00 3.433832e-01 1.159000e+01 8.708000e+00
1.000000e+00 4.371856e-01 1.159000e+01 8.832437e+00
1.000000e+00 7.453798e-01 1.159000e+01 8.956788e+00
1.000000e+00 1.727840e+00 1.159000e+01 9.081225e+00
1.000000e+00 2.138821e+00 1.159000e+01 9.205575e+00
1.000000e+00 1.926605e+00 1.159000e+01 9.330012e+00
1.000000e+00 1.930926e+00 1.159000e+01 9.454363e+00
1.000000e+00 7.183871e-01 1.159000e+01 9.578800e+00
1.000000e+00 8.548952e-01 1.159000e+01 9.703237e+00
1.000000e+00 2.787990e-01 1.159000e+01 9.827588e+00
1.000000e+00 3.113018e-01 1.159000e+01 9.952025e+00
2.000000e+00 3.983757e-01 1.159000e+01 1.007638e+01
1.000000e+00 3.304902e-01 1.159000e+01 1.020081e+01
2.000000e+00 3.044736e-01 1.159000e+01 1.032516e+01
1.000000e+00 2.212897e-01 1.159000e+01 1.044960e+01
1.000000e+00 4.635885e-01 1.159000e+01 1.057404e+01
1.000000e+00 5.728331e-01 1.159000e+01 1.069839e+01
1.000000e+00 4.345592e-01 1.159000e+01 1.082282e+01
2.000000e+00 5.103291e-01 1.159000e+01 1.094718e+01
1.000000e+00 2.169531e-01 1.159000e+01 1.107161e+01
1.000000e+00 3.315313e-01 1.159000e+01 1.119596e+01
1.000000e+00 5.268013e-02 1.159000e+01 1.132040e+01
1.000000e+00 1.362421e-02 1.159000e+01 5.224800e+00
1.000000e+00 1.789438e-02 1.159000e+01 5.349202e+00
1.000000e+00 3.282114e-02 1.159000e+01 5.473596e+00
2.000000e+00 7.484193e-03 1.159000e+01 5.597999e+00
1.000000e+00 3.042562e-01 1.159000e+01 5.722401e+00
1.000000e+00 8.434502e-01 1.159000e+01 5.846804e+00
1.000000e+00 1.025764e+00 1.159000e+01 5.971198e+00
1.000000e+00 4.889689e-01 1.159000e+01 6.095600e+00
1.000000e+00 1.292037e+00 1.159000e+01 6.220002e+00
1.000000e+00 1.734356e+00 1.159000e+01 6.344396e+00
1.000000e+00 1.756551e+00 1.159000e+01 6.468799e+00
1.000000e+00 1.145248e+00 1.159000e+01 6.593201e+00
1.000000e+00 8.493741e-01 1.159000e+01 6.717604e+00
2.000000e+00 1.457782e+00 1.159000e+01 6.841998e+00
1.000000e+00 1.253044e+00 1.159000e+01 6.966400e+00
1.000000e+00 1.422893e+00 1.159000e+01 7.090802e+00
1.000000e+00 1.010516e+00 1.159000e+01 7.215196e+00
1.000000e+00 1.231957e+00 1.159000e+01 7.339599e+00
1.000000e+00 1.120692e+00 1.159000e+01 7.464001e+00
1.000000e+00 6.435508e-01 1.159000e+01 7.588404e+00
1.000000e+00 1.160358e+00 1.159000e+01 7.712798e+00
1.000000e+00 1.160543e+00 1.159000e+01 7.837200e+00
1.000000e+00 4.334941e-01 1.159000e+01 7.961602e+00
1.000000e+00 4.858940e-01 1.159000e+01 8.085996e+00
1.000000e+00 5.938556e-01 1.159000e+01 8.210399e+00
1.000000e+00 3.625678e-01 1.159000e+01 8.334801e+00
1.000000e+00 8.045616e-01 1.159000e+01 8.459204e+00
1.000000e+00 3.304454e-01 1.159000e+01 8.583598e+00
1.000000e+00 1.846102e-01 1.159000e+01 8.708000e+00
1.000000e+00 1.581228e-02 1.159000e+01 8.832437e+00
1.000000e+00 1.304214e-01 1.159000e+01 8.956788e+00
2.000000e+00 1.093438e-01 1.159000e+01 9.081225e+00
1.000000e+00 4.706816e-02 1.159000e+01 9.205575e+00
1.000000e+00 2.302478e-02 1.159000e+01 9.330012e+00
1.000000e+00 1.126262e-01 1.159000e+01 9.454363e+00
1.000000e+00 3.075016e-01 1.159000e+01 9.578800e+00
1.000000e+00 5.492062e-01 1.159000e+01 9.703237e+00
2.000000e+00 7.499886e-01 1.159000e+01 9.827588e+00
1.000000e+00 4.719995e-01 1.159000e+01 9.952025e+00
2.000000e+00 5.364348e-01 1.159000e+01 1.007638e+01
1.000000e+00 6.644304e-01 1.159000e+01 1.020081e+01
1.000000e+00 4.356227e-01 1.159000e+01 1.032516e+01
1.000000e+00 1.522482e+00 1.159000e+01 1.044960e+01
2.000000e+00 1.480663e+00 1.159000e+01 1.057404e+01
1.000000e+00 1.305167e+00 1.159000e+01 1.069839e+01
1.000000e+00 8.910405e-01 1.159000e+01 1.082282e+01
1.000000e+00 3.812548e-01 1.159000e+01 1.094718e+01
1.000000e+00 2.390575e-01 1.159000e+01 1.107161e+01
1.000000e+00 5.353254e-01 1.159000e+01 1.119596e+01
1.000000e+00 5.767235e-01 1.159000e+01 1.132040e+01
1.000000e+00 5.272097e-01 1.159000e+01 5.224800e+00
1.000000e+00 3.075592e-01 1.159000e+01 5.349202e+00
1.000000e+00 7.275082e-02 1.159000e+01 5.473596e+00
1.000000e+00 7.727673e-02 1.159000e+01 5.597999e+00
1.000000e+00 1.361768e-01 1.159000e+01 5.722401e+00
1.000000e+00 5.635352e-02 1.159000e+01 5.846804e+00
1.000000e+00 9.299996e-02 1.159000e+01 5.971198e+00
1.000000e+00 1.599188e-02 1.159000e+01 6.095600e+00
1.000000e+00 6.989214e-04 1.159000e+01 6.220002e+00
1.000000e+00 1.339175e-01 1.159000e+01 6.344396e+00
2.000000e+00 9.449449e-02 1.159000e+01 6.468799e+00
1.000000e+00 9.296344e-02 1.159000e+01 6.593201e+00
1.000000e+00 3.822419e-02 1.159000e+01 6.717604e+00
1.000000e+00 3.133551e-01 1.159000e+01 6.841998e+00
1.000000e+00 6.632583e-02 1.159000e+01 6.966400e+00
1.000000e+00 1.974181e-02 1.159000e+01 7.090802e+00
1.000000e+00 7.943343e-02 1.159000e+01 7.215196e+00
1.000000e+00 8.642871e-02 1.159000e+01 7.339599e+00
1.000000e+00 3.537836e-01 1.159000e+01 7.464001e+00
1.000000e+00 3.512264e-01 1.159000e+01 7.588404e+00
2.000000e+00 2.590512e-01 1.159000e+01 7.712798e+00
3.000000e+00 3.597804e-01 1.159000e+01 7.837200e+00
1.000000e+00 1.434962e-01 1.159000e+01 7.961602e+00
1.000000e+00 1.106884e-01 1.159000e+01 8.085996e+00
1.000000e+00 1.070405e-02 1.159000e+01 8.210399e+00
1.000000e+00 1.849800e-02 1.159000e+01 8.334801e+00
1.000000e+00 9.108419e-02 1.159000e+01 8.459204e+00
1.000000e+00 2.764257e-03 1.159000e+01 8.583598e+00
1.000000e+00 1.113723e-01 1.159000e+01 8.708000e+00
1.000000e+00 1.179357e-01 1.159000e+01 8.832437e+00
1.000000e+00 2.145131e-01 1.159000e+01 8.956788e+00
1.000000e+00 4.802959e-01 1.159000e+01 9.081225e+00
1.000000e+00 9.397261e-01 1.159000e+01 9.205575e+00
1.000000e+00 1.040722e+00 1.159000e+01 9.330012e+00
1.000000e+00 1.613817e+00 1.159000e+01 9.454363e+00
1.000000e+00 8.766562e-01 1.159000e+01 9.578800e+00
2.000000e+00 1.469823e+00 1.159000e+01 9.703237e+00
1.000000e+00 1.448402e+00 1.159000e+01 9.827588e+00
2.000000e+00 1.264123e+00 1.159000e+01 9.952025e+00
1.000000e+00 1.682594e+00 1.159000e+01 1.007638e+01
1.000000e+00 1.577046e+00 1.159000e+01 1.020081e+01
1.000000e+00 1.569296e+00 1.159000e+01 1.032516e+01
1.000000e+00 4.868230e-01 1.159000e+01 1.044960e+01
1.000000e+00 5.262983e-01 1.159000e+01 1.057404e+01
1.000000e+00 7.270474e-02 1.159000e+01 1.069839e+01
1.000000e+00 1.007498e-01 1.159000e+01 1.082282e+01
1.000000e+00 6.123659e-02 1.159000e+01 1.094718e+01
1.000000e+00 1.998350e-01 1.159000e+01 1.107161e+01
1.000000e+00 4.119282e-01 1.159000e+01 1.119596e+01
1.000000e+00 3.209187e-01 1.159000e+01 1.132040e+01
1.000000e+00 1.305552e-01 1.159000e+01 5.224800e+00
1.000000e+00 1.239983e-01 1.159000e+01 5.349202e+00
1.000000e+00 2.639853e-01 1.159000e+01 5.473596e+00
1.000000e+00 4.582160e-01 1.159000e+01 5.597999e+00
1.000000e+00 3.243307e-01 1.159000e+01 5.722401e+00
1.000000e+00 1.568292e-01 1.159000e+01 5.846804e+00
1.000000e+00 1.642734e-01 1.159000e+01 5.971198e+00
1.000000e+00 7.585338e-02 1.159000e+01 6.095600e+00
1.000000e+00 1.131050e-01 1.159000e+01 6.220002e+00
1.000000e+00 8.336169e-02 1.159000e+01 6.344396e+00
1.000000e+00 8.749859e-02 1.159000e+01 6.468799e+00
1.000000e+00 8.277900e-02 1.159000e+01 6.593201e+00
1.000000e+00 1.410664e-01 1.159000e+01 6.717604e+00
1.000000e+00 1.094313e-01 1.159000e+01 6.841998e+00
1.000000e+00 7.517221e-01 1.159000e+01 6.966400e+00
3.000000e+00 7.561420e-01 1.159000e+01 7.090802e+00
2.000000e+00 4.899740e-01 1.159000e+01 7.215196e+00
1.000000e+00 3.396629e-01 1.159000e+01 7.339599e+00
1.000000e+00 4.837884e-01 1.159000e+01 7.464001e+00
1.000000e+00 6.938669e-01 1.159000e+01 7.588404e+00
1.000000e+00 4.908353e-01 1.159000e+01 7.712798e+00
1.000000e+00 7.798574e-01 1.159000e+01 7.837200e+00
1.000000e+00 5.940715e-01 1.159000e+01 7.961602e+00
1.000000e+00 1.002545e+00 1.159000e+01 8.085996e+00
1.000000e+00 1.641380e+00 1.159000e+01 8.210399e+00
1.000000e+00 2.598155e+00 1.159000e+01 8.334801e+00
1.000000e+00 3.476149e+00 1.159000e+01 8.459204e+00
2.000000e+00 1.981377e+00 1.159000e+01 8.583598e+00
2.000000e+00 1.501542e+00 1.159000e+01 8.708000e+00
1.000000e+00 1.043531e+00 1.159000e+01 8.832437e+00
1.000000e+00 1.278097e+00 1.159000e+01 8.956788e+00
1.000000e+00 1.701984e+00 1.159000e+01 9.081225e+00
2.000000e+00 1.264356e+00 1.159000e+01 9.205575e+00
1.000000e+00 8.437725e-01 1.159000e+01 9.330012e+00
1.000000e+00 1.357354e+00 1.159000e+01 9.454363e+00
1.000000e+00 1.303890e+00 1.159000e+01 9.578800e+00
1.000000e+00 1.165514e+00 1.159000e+01 9.703237e+00
1.000000e+00 1.305308e+00 1.159000e+01 9.827588e+00
1.000000e+00 1.046871e+00 1.159000e+01 9.952025e+00
1.000000e+00 1.090061e+00 1.159000e+01 1.007638e+01
1.000000e+00 7.172171e-01 1.159000e+01 1.020081e+01
1.000000e+00 5.171360e-01 1.159000e+01 1.032516e+01
1.000000e+00 5.068429e-01 1.159000e+01 1.044960e+01
1.000000e+00 4.600328e-01 1.159000e+01 1.057404e+01
1.000000e+00 3.397593e-01 1.159000e+01 1.069839e+01
2.000000e+00 2.757280e-01 1.159000e+01 1.082282e+01
1.000000e+00 2.247844e-01 1.159000e+01 1.094718e+01
1.000000e+00 9.217174e-02 1.159000e+01 1.107161e+01
1.000000e+00 2.947264e-01 1.159000e+01 1.119596e+01
1.000000e+00 3.867699e-01 1.159000e+01 1.132040e+01
1.000000e+00 2.140477e-01 1.159000e+01 5.224800e+00
1.000000e+00 6.241159e-01 1.159000e+01 5.349202e+00
1.000000e+00 7.763790e-01 1.159000e+01 5.473596e+00
1.000000e+00 7.654876e-01 1.159000e+01 5.597999e+00
1.000000e+00 3.205408e-01 1.159000e+01 5.722401e+00
1.000000e+00 1.960188e-02 1.159000e+01 5.846804e+00
1.000000e+00 2.329050e-02 1.159000e+01 5.971198e+00
1.000000e+00 2.868650e-01 1.159000e+01 6.095600e+00
2.000000e+00 7.675223e-01 1.159000e+01 6.220002e+00
1.000000e+00 4.098684e-01 1.159000e+01 6.344396e+00
2.000000e+00 3.814416e-01 1.159000e+01 6.468799e+00
2.000000e+00 3.674321e-01 1.159000e+01 6.593201e+00
1.000000e+00 5.655900e-01 1.159000e+01 6.717604e+00
1.000000e+00 1.358733e+00 1.159000e+01 6.841998e+00
1.000000e+00 1.498633e+00 1.159000e+01 6.966400e+00
1.000000e+00 1.582084e+00 1.159000e+01 7.090802e+00
2.000000e+00 8.394124e-01 1.159000e+01 7.215196e+00
1.000000e+00 3.220885e-01 1.159000e+01 7.339599e+00
1.000000e+00 3.948403e-01 1.159000e+01 7.464001e+00
1.000000e+00 1.529227e-01 1.159000e+01 7.588404e+00
1.000000e+00 8.074250e-01 1.159000e+01 7.712798e+00
1.000000e+00 8.279682e-01 1.159000e+01 7.837200e+00
2.000000e+00 1.463377e+00 1.159000e+01 7.961602e+00
1.000000e+00 1.317548e+00 1.159000e+01 8.085996e+00
1.000000e+00 1.137877e+00 1.159000e+01 8.210399e+00
1.000000e+00 1.181553e+00 1.159000e+01 8.334801e+00
1.000000e+00 1.019338e+00 1.159000e+01 8.459204e+00
1.000000e+00 1.778592e-01 1.159000e+01 8.583598e+00
2.000000e+00 1.499029e-01 1.159000e+01 8.708000e+00
1.000000e+00 2.111677e-01 1.159000e+01 8.832437e+00
1.000000e+00 6.826126e-01 1.159000e+01 8.956788e+00
2.000000e+00 7.140957e-01 1.159000e+01 9.081225e+00
1.000000e+00 7.844939e-01 1.159000e+01 9.205575e+00
2.000000e+00 1.009682e+00 1.159000e+01 9.330012e+00
3.000000e+00 7.718899e-01 1.159000e+01 9.454363e+00
4.000000e+00 1.093924e+00 1.159000e+01 9.578800e+00
1.000000e+00 4.515119e-01 1.159000e+01 9.703237e+00
2.000000e+00 1.080095e-01 1.159000e+01 9.827588e+00
1.000000e+00 1.797973e-01 1.159000e+01 9.952025e+00
1.000000e+00 1.416877e-01 1.159000e+01 1.007638e+01
1.000000e+00 1.612566e-01 1.159000e+01 1.020081e+01
1.000000e+00 4.608264e-02 1.159000e+01 1.032516e+01
1.000000e+00 7.032594e-02 1.159000e+01 1.044960e+01
1.000000e+00 1.316704e-01 1.159000e+01 1.057404e+01
3.000000e+00 9.754297e-02 1.159000e+01 1.069839e+01
1.000000e+00 3.812365e-01 1.159000e+01 1.082282e+01
1.000000e+00 1.012260e+00 1.159000e+01 1.094718e+01
1.000000e+00 7.675220e-01 1.159000e+01 1.107161e+01
1.000000e+00 4.609809e-01 1.159000e+01 1.119596e+01
1.000000e+00 2.237850e-01 1.159000e+01 1.132040e+01
1.000000e+00 1.242556e-01 1.159000e+01 5.224800e+00
1.000000e+00 1.737895e-01 1.159000e+01 5.349202e+00
1.000000e+00 1.739874e-01 1.159000e+01 5.473596e+00
1.000000e+00 1.518583e-01 1.159000e+01 5.597999e+00
1.000000e+00 5.511365e-01 1.159000e+01 5.722401e+00
1.000000e+00 6.039524e-01 1.159000e+01 5.846804e+00
3.000000e+00 3.130390e-01 1.159000e+01 5.971198e+00
1.000000e+00 2.885388e-01 1.159000e+01 6.095600e+00
1.000000e+00 3.070719e-01 1.159000e+01 6.220002e+00
1.000000e+00 3.525651e-01 1.159000e+01 6.344396e+00
1.000000e+00 5.156918e-01 1.159000e+01 6.468799e+00
1.000000e+00 5.259318e-01 1.159000e+01 6.593201e+00
2.000000e+00 3.829891e-01 1.159000e+01 6.717604e+00
1.000000e+00 3.178836e-01 1.159000e+01 6.841998e+00
1.000000e+00 2.867028e-01 1.159000e+01 6.966400e+00
2.000000e+00 3.093758e-01 1.159000e+01 7.090802e+00
1.000000e+00 2.823428e-01 1.159000e+01 7.215196e+00
1.000000e+00 4.152947e-01 1.159000e+01 7.339599e+00
2.000000e+00 4.549809e-01 1.159000e+01 7.464001e+00
1.000000e+00 5.717139e-01 1.159000e+01 7.588404e+00
1.000000e+00 1.646245e+00 1.159000e+01 7.712798e+00
1.000000e+00 1.025650e+00 1.159000e+01 7.837200e+00
1.000000e+00 6.629848e-01 1.159000e+01 7.961602e+00
1.000000e+00 6.102392e-01 1.159000e+01 8.085996e+00
3.000000e+00 5.124510e-01 1.159000e+01 8.210399e+00
1.000000e+00 5.226448e-01 1.159000e+01 8.334801e+00
1.000000e+00 4.763147e-01 1.159000e+01 8.459204e+00
1.000000e+00 4.994883e-01 1.159000e+01 8.583598e+00
2.000000e+00 8.714228e-01 1.159000e+01 8.708000e+00
1.000000e+00 1.225397e+00 1.159000e+01 8.832437e+00
1.000000e+00 1.376044e+00 1.159000e+01 8.956788e+00
1.000000e+00 1.186922e+00 1.159000e+01 9.081225e+00
2.000000e+00 1.033657e+00 1.159000e+01 9.205575e+00
1.000000e+00 1.055807e+00 1.159000e+01 9.330012e+00
1.000000e+00 7.936479e-01 1.159000e+01 9.454363e+00
1.000000e+00 1.502649e+00 1.159000e+01 9.578800e+00
2.000000e+00 1.464958e+00 1.159000e+01 9.703237e+00
1.000000e+00 1.391167e+00 1.159000e+01 9.827588e+00
1.000000e+00 1.631262e+00 1.159000e+01 9.952025e+00
1.000000e+00 2.064193e+00 1.159000e+01 1.007638e+01
1.000000e+00 1.747626e+00 1.159000e+01 1.020081e+01
1.000000e+00 1.805493e+00 1.159000e+01 1.032516e+01
2.000000e+00 1.612300e+00 1.159000e+01 1.044960e+01
2.000000e+00 1.707800e+00 1.159000e+01 1.057404e+01
1.000000e+00 1.726893e+00 1.159000e+01 1.069839e+01
1.000000e+00 1.999188e+00 1.159000e+01 1.082282e+01
1.000000e+00 1.593189e+00 1.159000e+01 1.094718e+01
1.000000e+00 1.221525e+00 1.159000e+01 1.107161e+01
1.000000e+00 1.074398e+00 1.159000e+01 1.119596e+01
1.000000e+00 1.847461e+00 1.159000e+01 1.132040e+01
1.000000e+00 1.259996e+00 1.159000e+01 5.224800e+00
1.000000e+00 1.474521e+00 1.159000e+01 5.349202e+00
3.000000e+00 1.513363e+00 1.159000e+01 5.473596e+00
2.000000e+00 1.434735e+00 1.159000e+01 5.597999e+00
1.000000e+00 1.884253e+00 1.159000e+01 5.722401e+00
2.000000e+00 2.907443e+00 1.159000e+01 5.846804e+00
2.000000e+00 3.273940e+00 1.159000e+01 5.971198e+00
5.000000e+00 3.237280e+00 1.159000e+01 6.095600e+00
3.000000e+00 3.050682e+00 1.159000e+01 6.220002e+00
1.000000e+00 3.557351e+00 1.159000e+01 6.344396e+00
1.000000e+00 3.442260e+00 1.159000e+01 6.468799e+00
1.000000e+00 4.040497e+00 1.159000e+01 6.593201e+00
2.000000e+00 5.019794e+00 1.159000e+01 6.717604e+00
1.000000e+00 4.744224e+00 1.159000e+01 6.841998e+00
3.000000e+00 3.916256e+00 1.159000e+01 6.966400e+00
1.000000e+00 3.551602e+00 1.159000e+01 7.090802e+00
1.000000e+00 3.554392e+00 1.159000e+01 7.215196e+00
2.000000e+00 2.521545e+00 1.159000e+01 7.339599e+00
2.000000e+00 1.795331e+00 1.159000e+01 7.464001e+00
2.000000e+00 1.647175e+00 1.159000e+01 7.588404e+00
1.000000e+00 1.565867e+00 1.159000e+01 7.712798e+00
1.000000e+00 1.650967e+00 1.159000e+01 7.837200e+00
1.000000e+00 2.516485e+00 1.159000e+01 7.961602e+00
2.000000e+00 2.483713e+00 1.159000e+01 8.085996e+00
1.000000e+00 2.349387e+00 1.159000e+01 8.210399e+00
1.000000e+00 2.354054e+00 1.159000e+01 8.334801e+00
1.000000e+00 2.736339e+00 1.159000e+01 8.459204e+00
1.000000e+00 2.542858e+00 1.159000e+01 8.583598e+00
2.000000e+00 2.253703e+00 1.159000e+01 8.708000e+00
2.000000e+00 2.278755e+00 1.159000e+01 8.832437e+00
1.000000e+00 1.617182e+00 1.159000e+01 8.956788e+00
1.000000e+00 1.508116e+00 1.159000e+01 9.081225e+00
1.000000e+00 8.764907e-01 1.159000e+01 9.205575e+00
1.000000e+00 8.207867e-01 1.159000e+01 9.330012e+00
1.000000e+00 5.897957e-01 1.159000e+01 9.454363e+00
1.000000e+00 7.479115e-01 1.159000e+01 9.578800e+00
1.000000e+00 8.232548e-01 1.159000e+01 9.703237e+00
1.000000e+00 5.021195e-01 1.159000e+01 9.827588e+00
1.000000e+00 3.551288e-01 1.159000e+01 9.952025e+00
1.000000e+00 3.490958e-01 1.159000e+01 1.007638e+01
1.000000e+00 4.597823e-01 1.159000e+01 1.020081e+01
1.000000e+00 3.642953e-01 1.159000e+01 1.032516e+01
1.000000e+00 2.576693e-01 1.159000e+01 1.044960e+01
1.000000e+00 1.513980e-01 1.159000e+01 1.057404e+01
1.000000e+00 1.921051e-01 1.159000e+01 1.069839e+01
1.000000e+00 2.982333e-01 1.159000e+01 1.082282e+01
2.000000e+00 3.906542e-01 1.159000e+01 1.094718e+01
1.000000e+00 1.152444e+00 1.159000e+01 1.107161e+01
1.000000e+00 1.354587e+00 1.159000e+01 1.119596e+01
1.000000e+00 1.449473e+00 1.159000e+01 1.132040e+01
1.000000e+00 1.825823e+00 1.159000e+01 5.224800e+00
1.000000e+00 1.737976e+00 1.159000e+01 5.349202e+00
2.000000e+00 7.035342e-01 1.159000e+01 5.473596e+00
2.000000e+00 6.510593e-01 1.159000e+01 5.597999e+00
2.000000e+00 8.941624e-01 1.159000e+01 5.722401e+00
1.000000e+00 1.194780e+00 1.159000e+01 5.846804e+00
1.000000e+00 7.525578e-01 1.159000e+01 5.971198e+00
1.000000e+00 1.243595e+00 1.159000e+01 6.095600e+00
1.000000e+00 1.084078e+00 1.159000e+01 6.220002e+00
2.000000e+00 6.591283e-01 1.159000e+01 6.344396e+00
1.000000e+00 7.496602e-01 1.159000e+01 6.468799e+00
1.000000e+00 6.927115e-01 1.159000e+01 6.593201e+00
1.000000e+00 1.180067e+00 1.159000e+01 6.717604e+00
3.000000e+00 1.475859e+00 1.159000e+01 6.841998e+00
1.000000e+00 1.557048e+00 1.159000e+01 6.966400e+00
1.000000e+00 1.189823e+00 1.159000e+01 7.090802e+00
1.000000e+00 1.138106e+00 1.159000e+01 7.215196e+00
1.000000e+00 6.547779e-01 1.159000e+01 7.339599e+00
1.000000e+00 5.632566e-01 1.159000e+01 7.464001e+00
1.000000e+00 9.250987e-01 1.159000e+01 7.588404e+00
1.000000e+00 1.021756e+00 1.159000e+01 7.712798e+00
1.000000e+00 2.904408e-01 1.159000e+01 7.837200e+00
1.000000e+00 4.675756e-01 1.159000e+01 7.961602e+00
1.000000e+00 4.485127e-01 1.159000e+01 8.085996e+00
1.000000e+00 8.018728e-02 1.159000e+01 8.210399e+00
2.000000e+00 1.617564e-01 1.159000e+01 8.334801e+00
1.000000e+00 1.543980e-01 1.159000e+01 8.459204e+00
2.000000e+00 2.139785e-01 1.159000e+01 8.583598e+00
1.000000e+00 1.376443e-01 1.159000e+01 8.708000e+00
1.000000e+00 4.774460e-02 1.159000e+01 8.832437e+00
1.000000e+00 6.287857e-02 1.159000e+01 8.956788e+00
1.000000e+00 5.758976e-01 1.159000e+01 9.081225e+00
1.000000e+00 4.017361e-01 1.159000e+01 9.205575e+00
1.000000e+00 1.433876e-01 1.159000e+01 9.330012e+00
1.000000e+00 2.320764e-01 1.159000e+01 9.454363e+00
1.000000e+00 3.716878e-01 1.159000e+01 9.578800e+00
1.000000e+00 1.619632e-01 1.159000e+01 9.703237e+00
1.000000e+00 2.452757e-02 1.159000e+01 9.827588e+00
1.000000e+00 7.367110e-02 1.159000e+01 9.952025e+00
1.000000e+00 6.559425e-02 1.159000e+01 1.007638e+01
1.000000e+00 6.553504e-02 1.159000e+01 1.020081e+01
1.000000e+00 4.694639e-03 1.159000e+01 1.032516e+01
1.000000e+00 9.195001e-03 1.159000e+01 1.044960e+01
1.000000e+00 1.513436e-01 1.159000e+01 1.057404e+01
1.000000e+00 3.068378e-01 1.159000e+01 1.069839e+01
2.000000e+00 1.522035e-01 1.159000e+01 1.082282e+01
1.000000e+00 1.280741e-01 1.159000e+01 1.094718e+01
1.000000e+00 1.282256e-01 1.159000e+01 1.107161e+01
1.000000e+00 1.595106e-01 1.159000e+01 1.119596e+01
1.000000e+00 5.330982e-01 1.159000e+01 1.132040e+01
1.000000e+00 3.509660e-01 1.159000e+01 5.224800e+00
1.000000e+00 2.505611e-01 1.159000e+01 5.349202e+00
1.000000e+00 1.087005e-01 1.159000e+01 5.473596e+00
1.000000e+00 5.758622e-02 1.159000e+01 5.597999e+00
1.000000e+00 9.604033e-02 1.159000e+01 5.722401e+00
1.000000e+00 2.011695e-01 1.159000e+01 5.846804e+00
1.000000e+00 2.032822e-02 1.159000e+01 5.971198e+00
1.000000e+00 7.422076e-03 1.159000e+01 6.095600e+00
1.000000e+00 1.517954e-01 1.159000e+01 6.220002e+00
1.000000e+00 3.647772e-01 1.159000e+01 6.344396e+00
1.000000e+00 3.027041e-01 1.159000e+01 6.468799e+00
1.000000e+00 2.731758e-01 1.159000e+01 6.593201e+00
1.000000e+00 3.433005e-01 1.159000e+01 6.717604e+00
1.000000e+00 5.226076e-01 1.159000e+01 6.841998e+00
1.000000e+00 4.618364e-01 1.159000e+01 6.966400e+00
1.000000e+00 1.398045e-01 1.159000e+01 7.090802e+00
1.000000e+00 4.770762e-02 1.159000e+01 7.215196e+00
1.000000e+00 1.137975e-01 1.159000e+01 7.339599e+00
2.000000e+00 7.829966e-02 1.159000e+01 7.464001e+00
1.000000e+00 1.133951e-01 1.159000e+01 7.588404e+00
1.000000e+00 1.385992e-01 1.159000e+01 7.712798e+00
1.000000e+00 1.571785e-01 1.159000e+01 7.837200e+00
1.000000e+00 1.357544e-01 1.159000e+01 7.961602e+00
1.000000e+00 2.575010e-01 1.159000e+01 8.085996e+00
1.000000e+00 4.784123e-01 1.159000e+01 8.210399e+00
1.000000e+00 5.055503e-01 1.159000e+01 8.334801e+00
1.000000e+00 7.440967e-02 1.159000e+01 8.459204e+00
1.000000e+00 1.689845e-01 1.159000e+01 8.583598e+00
1.000000e+00 4.980663e-02 1.159000e+01 8.708000e+00
1.000000e+00 3.906865e-02 1.159000e+01 8.832437e+00
1.000000e+00 4.630461e-02 1.159000e+01 8.956788e+00
1.000000e+00 1.191786e-01 1.159000e+01 9.081225e+00
1.000000e+00 2.464386e-01 1.159000e+01 9.205575e+00
2.000000e+00 1.563956e-01 1.159000e+01 9.330012e+00
1.000000e+00 2.941872e-01 1.159000e+01 9.454363e+00
1.000000e+00 1.171330e+00 1.159000e+01 9.578800e+00
1.000000e+00 9.775715e-01 1.159000e+01 9.703237e+00
1.000000e+00 8.394162e-01 1.159000e+01 9.827588e+00
1.000000e+00 6.974360e-02 1.159000e+01 9.952025e+00
1.000000e+00 7.981033e-02 1.159000e+01 1.007638e+01
1.000000e+00 1.290188e-02 1.159000e+01 1.020081e+01
1.000000e+00 7.541808e-02 1.159000e+01 1.032516e+01
1.000000e+00 1.515489e-02 1.159000e+01 1.044960e+01
1.000000e+00 3.623579e-02 1.159000e+01 1.057404e+01
1.000000e+00 4.008743e-02 1.159000e+01 1.069839e+01
1.000000e+00 4.701438e-02 1.159000e+01 1.082282e+01
1.000000e+00 1.144993e-01 1.159000e+01 1.094718e+01
1.000000e+00 5.601057e-01 1.159000e+01 1.107161e+01
1.000000e+00 7.274274e-01 1.159000e+01 1.119596e+01
1.000000e+00 1.457293e+00 1.159000e+01 1.132040e+01
1.000000e+00 6.663403e-01 1.159000e+01 5.224800e+00
1.000000e+00 5.456821e-01 1.159000e+01 5.349202e+00
1.000000e+00 7.146079e-01 1.159000e+01 5.473596e+00
1.000000e+00 1.604693e+00 1.159000e+01 5.597999e+00
1.000000e+00 1.315353e+00 1.159000e+01 5.722401e+00
1.000000e+00 1.373246e+00 1.159000e+01 5.846804e+00
1.000000e+00 4.003447e-01 1.159000e+01 5.971198e+00
1.000000e+00 4.503655e-01 1.159000e+01 6.095600e+00
1.000000e+00 5.937330e-01 1.159000e+01 6.220002e+00
1.000000e+00 5.070672e-01 1.159000e+01 6.344396e+00
1.000000e+00 3.431654e-01 1.159000e+01 6.468799e+00
1.000000e+00 3.298513e-01 1.159000e+01 6.593201e+00
1.000000e+00 3.690861e-01 1.159000e+01 6.717604e+00
1.000000e+00 5.198873e-01 1.159000e+01 6.841998e+00
1.000000e+00 8.131672e-01 1.159000e+01 6.966400e+00
1.000000e+00 4.213535e-01 1.159000e+01 7.090802e+00
1.000000e+00 4.869210e-01 1.159000e+01 7.215196e+00
1.000000e+00 3.728631e-01 1.159000e+01 7.339599e+00
2.000000e+00 7.398067e-01 1.159000e+01 7.464001e+00
1.000000e+00 7.374506e-01 1.159000e+01 7.588404e+00
1.000000e+00 5.927581e-01 1.159000e+01 7.712798e+00
1.000000e+00 4.640878e-01 1.159000e+01 7.837200e+00
1.000000e+00 4.614677e-01 1.159000e+01 7.961602e+00
1.000000e+00 3.193146e-01 1.159000e+01 8.085996e+00
1.000000e+00 2.874804e-01 1.159000e+01 8.210399e+00
1.000000e+00 1.541654e-01 1.159000e+01 8.334801e+00
1.000000e+00 2.173377e-01 1.159000e+01 8.459204e+00
1.000000e+00 3.411399e-01 1.159000e+01 8.583598e+00
1.000000e+00 8.894317e-02 1.159000e+01 8.708000e+00
1.000000e+00 5.431774e-01 1.159000e+01 8.832437e+00
2.000000e+00 1.038098e+00 1.159000e+01 8.956788e+00
1.000000e+00 3.818330e-01 1.159000e+01 9.081225e+00
1.000000e+00 3.063569e-01 1.159000e+01 9.205575e+00
1.000000e+00 1.867934e-01 1.159000e+01 9.330012e+00
1.000000e+00 3.744054e-01 1.159000e+01 9.454363e+00
1.000000e+00 3.501652e-01 1.159000e+01 9.578800e+00
1.000000e+00 2.071585e-01 1.159000e+01 9.703237e+00
1.000000e+00 1.255308e-02 1.159000e+01 9.827588e+00
1.000000e+00 6.076712e-02 1.159000e+01 9.952025e+00
1.000000e+00 5.044161e-02 1.159000e+01 1.007638e+01
1.000000e+00 1.728310e-01 1.159000e+01 1.020081e+01
1.000000e+00 1.227683e-01 1.159000e+01 1.032516e+01
1.000000e+00 1.275460e-01 1.159000e+01 1.044960e+01
1.000000e+00 2.457443e-01 1.159000e+01 1.057404e+01
2.000000e+00 2.873985e-01 1.159000e+01 1.069839e+01
1.000000e+00 2.596837e-01 1.159000e+01 1.082282e+01
1.000000e+00 1.884856e-01 1.159000e+01 1.094718e+01
1.000000e+00 1.472747e-01 1.159000e+01 1.107161e+01
1.000000e+00 2.376329e-01 1.159000e+01 1.119596e+01
1.000000e+00 1.345217e-01 1.159000e+01 1.132040e+01
1.000000e+00 1.590877e-01 1.159000e+01 5.224800e+00
1.000000e+00 3.872345e-01 1.159000e+01 5.349202e+00
1.000000e+00 1.463988e-01 1.159000e+01 5.473596e+00
1.000000e+00 1.424806e-01 1.159000e+01 5.597999e+00
1.000000e+00 2.913782e-02 1.159000e+01 5.722401e+00
1.000000e+00 2.015758e-02 1.159000e+01 5.846804e+00
1.000000e+00 2.592022e-03 1.159000e+01 5.971198e+00
1.000000e+00 7.112347e-03 1.159000e+01 6.095600e+00
1.000000e+00 1.671953e-01 1.159000e+01 6.220002e+00
1.000000e+00 2.270297e-01 1.159000e+01 6.344396e+00
1.000000e+00 2.479476e-02 1.159000e+01 6.468799e+00
